## htsjdk.samtools.metrics.StringHeader
# MarkDuplicates --INPUT /home/mwaldherr/Paper_RicaWaldherr_2025/analysis_cutnrun/results/bowtie2/mm10_sorted/CnR-20241114-CD8--Ly108--T-WT-RUNX3-rep3_RmBlacklist_sorted.bam --OUTPUT /home/mwaldherr/Paper_RicaWaldherr_2025/analysis_cutnrun/results/bowtie2/mm10_sorted/CnR-20241114-CD8--Ly108--T-WT-RUNX3-rep3_RmBlacklist_sorted_mDup.bam --METRICS_FILE /home/mwaldherr/Paper_RicaWaldherr_2025/analysis_cutnrun/results/bowtie2/mm10_sorted/picard_summary/CnR-20241114-CD8--Ly108--T-WT-RUNX3-rep3_RmBlacklist_picard_mDup.txt --MAX_SEQUENCES_FOR_DISK_READ_ENDS_MAP 50000 --MAX_FILE_HANDLES_FOR_READ_ENDS_MAP 8000 --SORTING_COLLECTION_SIZE_RATIO 0.25 --TAG_DUPLICATE_SET_MEMBERS false --REMOVE_SEQUENCING_DUPLICATES false --TAGGING_POLICY DontTag --CLEAR_DT true --DUPLEX_UMI false --FLOW_MODE false --FLOW_DUP_STRATEGY FLOW_QUALITY_SUM_STRATEGY --FLOW_USE_END_IN_UNPAIRED_READS false --FLOW_USE_UNPAIRED_CLIPPED_END false --FLOW_UNPAIRED_END_UNCERTAINTY 0 --FLOW_UNPAIRED_START_UNCERTAINTY 0 --FLOW_SKIP_FIRST_N_FLOWS 0 --FLOW_Q_IS_KNOWN_END false --FLOW_EFFECTIVE_QUALITY_THRESHOLD 15 --ADD_PG_TAG_TO_READS true --REMOVE_DUPLICATES false --ASSUME_SORTED false --DUPLICATE_SCORING_STRATEGY SUM_OF_BASE_QUALITIES --PROGRAM_RECORD_ID MarkDuplicates --PROGRAM_GROUP_NAME MarkDuplicates --READ_NAME_REGEX <optimized capture of last three ':' separated fields as numeric values> --OPTICAL_DUPLICATE_PIXEL_DISTANCE 100 --MAX_OPTICAL_DUPLICATE_SET_SIZE 300000 --VERBOSITY INFO --QUIET false --VALIDATION_STRINGENCY STRICT --COMPRESSION_LEVEL 5 --MAX_RECORDS_IN_RAM 500000 --CREATE_INDEX false --CREATE_MD5_FILE false --help false --version false --showHidden false --USE_JDK_DEFLATER false --USE_JDK_INFLATER false
## htsjdk.samtools.metrics.StringHeader
# Started on: Tue Mar 04 16:58:37 CET 2025

## METRICS CLASS	picard.sam.DuplicationMetrics
LIBRARY	UNPAIRED_READS_EXAMINED	READ_PAIRS_EXAMINED	SECONDARY_OR_SUPPLEMENTARY_RDS	UNMAPPED_READS	UNPAIRED_READ_DUPLICATES	READ_PAIR_DUPLICATES	READ_PAIR_OPTICAL_DUPLICATES	PERCENT_DUPLICATION	ESTIMATED_LIBRARY_SIZE
lib	0	15868333	0	20465880	0	4287035	1049375	0.270163	28769487

## HISTOGRAM	java.lang.Double
BIN	CoverageMult	all_sets	optical_sets	non_optical_sets
1.0	1.053159	9836000	0	10622579
2.0	1.659826	1339314	786112	724491
3.0	2.009295	230317	97308	93049
4.0	2.210605	58116	15454	32507
5.0	2.326568	24193	2960	18912
6.0	2.393369	14304	770	12997
7.0	2.431849	10093	283	9660
8.0	2.454015	7616	140	7324
9.0	2.466784	6045	103	5796
10.0	2.474139	4992	53	4864
11.0	2.478376	4146	40	4126
12.0	2.480817	3719	27	3550
13.0	2.482223	3008	28	2942
14.0	2.483033	2726	13	2582
15.0	2.483499	2343	15	2312
16.0	2.483768	2076	9	1972
17.0	2.483923	1809	11	1855
18.0	2.484012	1720	5	1684
19.0	2.484063	1502	2	1419
20.0	2.484093	1377	7	1332
21.0	2.48411	1214	4	1238
22.0	2.48412	1190	3	1119
23.0	2.484126	1038	0	1029
24.0	2.484129	927	2	940
25.0	2.484131	902	1	874
26.0	2.484132	831	0	822
27.0	2.484132	805	2	756
28.0	2.484133	689	2	639
29.0	2.484133	628	0	668
30.0	2.484133	617	1	576
31.0	2.484133	566	2	550
32.0	2.484133	505	0	494
33.0	2.484133	504	1	501
34.0	2.484133	476	0	479
35.0	2.484133	465	0	453
36.0	2.484133	443	0	430
37.0	2.484133	416	0	408
38.0	2.484133	374	0	343
39.0	2.484133	355	1	357
40.0	2.484133	345	1	342
41.0	2.484133	319	1	314
42.0	2.484133	343	2	338
43.0	2.484133	286	0	287
44.0	2.484133	308	0	271
45.0	2.484133	290	0	290
46.0	2.484133	249	0	253
47.0	2.484133	253	0	257
48.0	2.484133	243	0	217
49.0	2.484133	213	0	238
50.0	2.484133	235	0	231
51.0	2.484133	223	0	223
52.0	2.484133	220	0	208
53.0	2.484133	208	0	186
54.0	2.484133	217	0	213
55.0	2.484133	167	0	174
56.0	2.484133	195	0	180
57.0	2.484133	154	0	156
58.0	2.484133	176	0	178
59.0	2.484133	159	0	173
60.0	2.484133	162	0	158
61.0	2.484133	154	0	145
62.0	2.484133	159	0	147
63.0	2.484133	137	0	131
64.0	2.484133	152	0	149
65.0	2.484133	150	0	120
66.0	2.484133	121	0	117
67.0	2.484133	112	0	124
68.0	2.484133	124	0	126
69.0	2.484133	115	0	127
70.0	2.484133	110	0	104
71.0	2.484133	125	0	116
72.0	2.484133	105	0	100
73.0	2.484133	96	0	87
74.0	2.484133	98	0	106
75.0	2.484133	106	0	92
76.0	2.484133	82	0	81
77.0	2.484133	87	0	72
78.0	2.484133	94	0	103
79.0	2.484133	91	0	101
80.0	2.484133	77	0	77
81.0	2.484133	76	0	71
82.0	2.484133	81	0	52
83.0	2.484133	69	0	77
84.0	2.484133	51	0	71
85.0	2.484133	74	0	72
86.0	2.484133	61	0	57
87.0	2.484133	80	0	66
88.0	2.484133	60	0	71
89.0	2.484133	60	0	76
90.0	2.484133	83	0	74
91.0	2.484133	73	0	53
92.0	2.484133	62	0	55
93.0	2.484133	53	0	51
94.0	2.484133	50	0	62
95.0	2.484133	59	0	60
96.0	2.484133	47	0	45
97.0	2.484133	59	0	52
98.0	2.484133	44	0	56
99.0	2.484133	56	0	46
100.0	2.484133	46	0	53
101.0	0	49	0	51
102.0	0	56	0	41
103.0	0	56	0	56
104.0	0	39	0	31
105.0	0	35	0	40
106.0	0	43	0	48
107.0	0	41	0	28
108.0	0	45	0	36
109.0	0	31	0	35
110.0	0	35	0	34
111.0	0	33	0	40
112.0	0	36	0	41
113.0	0	36	0	38
114.0	0	50	0	50
115.0	0	37	0	40
116.0	0	33	0	39
117.0	0	45	0	42
118.0	0	40	0	34
119.0	0	37	0	26
120.0	0	32	0	33
121.0	0	29	0	29
122.0	0	33	0	38
123.0	0	38	0	37
124.0	0	40	0	36
125.0	0	46	0	28
126.0	0	23	0	26
127.0	0	23	0	31
128.0	0	27	0	23
129.0	0	28	0	32
130.0	0	30	0	26
131.0	0	33	0	30
132.0	0	27	0	29
133.0	0	28	0	36
134.0	0	26	0	22
135.0	0	28	0	21
136.0	0	30	0	28
137.0	0	29	0	20
138.0	0	15	0	22
139.0	0	30	0	25
140.0	0	20	0	16
141.0	0	13	0	21
142.0	0	19	0	19
143.0	0	23	0	26
144.0	0	27	0	28
145.0	0	22	0	26
146.0	0	16	0	19
147.0	0	31	0	18
148.0	0	14	0	21
149.0	0	21	0	21
150.0	0	22	0	22
151.0	0	21	0	17
152.0	0	21	0	12
153.0	0	24	0	21
154.0	0	22	0	23
155.0	0	17	0	19
156.0	0	22	0	27
157.0	0	11	0	16
158.0	0	24	0	10
159.0	0	18	0	20
160.0	0	14	0	23
161.0	0	12	0	13
162.0	0	23	0	26
163.0	0	18	0	18
164.0	0	16	0	7
165.0	0	15	0	16
166.0	0	15	0	18
167.0	0	25	0	14
168.0	0	12	0	14
169.0	0	15	0	17
170.0	0	11	0	12
171.0	0	20	0	18
172.0	0	19	0	9
173.0	0	14	0	18
174.0	0	18	0	16
175.0	0	11	0	12
176.0	0	11	0	16
177.0	0	15	0	14
178.0	0	8	0	14
179.0	0	14	0	13
180.0	0	16	0	10
181.0	0	13	0	13
182.0	0	15	0	13
183.0	0	14	0	11
184.0	0	12	0	18
185.0	0	14	0	7
186.0	0	8	0	11
187.0	0	15	0	9
188.0	0	11	0	14
189.0	0	9	0	9
190.0	0	10	0	4
191.0	0	7	0	12
192.0	0	11	0	12
193.0	0	5	0	11
194.0	0	11	0	10
195.0	0	13	0	9
196.0	0	11	0	13
197.0	0	17	0	10
198.0	0	8	0	10
199.0	0	12	0	7
200.0	0	10	0	11
201.0	0	7	0	10
202.0	0	10	0	14
203.0	0	8	0	12
204.0	0	8	0	10
205.0	0	7	0	8
206.0	0	16	0	9
207.0	0	8	0	8
208.0	0	14	0	13
209.0	0	10	0	5
210.0	0	8	0	12
211.0	0	9	0	13
212.0	0	9	0	11
213.0	0	16	0	6
214.0	0	8	0	7
215.0	0	10	0	16
216.0	0	8	0	13
217.0	0	9	0	8
218.0	0	11	0	9
219.0	0	10	0	11
220.0	0	10	0	8
221.0	0	10	0	4
222.0	0	9	0	8
223.0	0	5	0	6
224.0	0	4	0	10
225.0	0	6	0	7
226.0	0	7	0	7
227.0	0	12	0	5
228.0	0	4	0	6
229.0	0	10	0	8
230.0	0	8	0	10
231.0	0	9	0	12
232.0	0	8	0	8
233.0	0	6	0	9
234.0	0	10	0	2
235.0	0	7	0	5
236.0	0	9	0	3
237.0	0	4	0	3
238.0	0	5	0	8
239.0	0	3	0	6
240.0	0	7	0	5
241.0	0	5	0	11
242.0	0	7	0	7
243.0	0	4	0	5
244.0	0	8	0	7
245.0	0	6	0	8
246.0	0	9	0	7
247.0	0	7	0	6
248.0	0	7	0	3
249.0	0	2	0	8
250.0	0	10	0	3
251.0	0	8	0	6
252.0	0	3	0	7
253.0	0	3	0	5
254.0	0	7	0	3
255.0	0	4	0	2
256.0	0	5	0	7
257.0	0	4	0	4
258.0	0	5	0	7
259.0	0	8	0	6
260.0	0	6	0	3
261.0	0	3	0	10
262.0	0	5	0	4
263.0	0	6	0	4
264.0	0	5	0	6
265.0	0	5	0	3
266.0	0	3	0	4
267.0	0	4	0	4
268.0	0	9	0	3
269.0	0	1	0	4
270.0	0	5	0	5
271.0	0	8	0	6
272.0	0	0	0	2
273.0	0	5	0	7
274.0	0	6	0	3
275.0	0	1	0	6
276.0	0	6	0	5
277.0	0	2	0	7
278.0	0	5	0	3
279.0	0	10	0	7
280.0	0	3	0	5
281.0	0	5	0	3
282.0	0	5	0	6
283.0	0	6	0	2
284.0	0	5	0	4
285.0	0	4	0	4
286.0	0	5	0	7
287.0	0	4	0	3
288.0	0	6	0	2
289.0	0	3	0	6
290.0	0	4	0	5
291.0	0	3	0	4
292.0	0	7	0	1
293.0	0	2	0	6
294.0	0	3	0	3
295.0	0	6	0	7
296.0	0	7	0	2
297.0	0	2	0	4
298.0	0	4	0	2
299.0	0	4	0	4
300.0	0	2	0	3
301.0	0	4	0	2
302.0	0	4	0	4
303.0	0	3	0	3
304.0	0	3	0	3
305.0	0	7	0	3
306.0	0	1	0	3
307.0	0	2	0	4
308.0	0	1	0	4
309.0	0	4	0	2
310.0	0	3	0	5
311.0	0	6	0	1
312.0	0	1	0	3
313.0	0	2	0	1
314.0	0	1	0	0
315.0	0	2	0	2
316.0	0	1	0	1
317.0	0	1	0	2
318.0	0	2	0	5
319.0	0	2	0	4
320.0	0	3	0	3
321.0	0	5	0	1
322.0	0	0	0	3
323.0	0	3	0	2
324.0	0	3	0	3
325.0	0	3	0	7
326.0	0	6	0	2
327.0	0	1	0	2
328.0	0	2	0	3
329.0	0	6	0	3
330.0	0	0	0	3
331.0	0	3	0	4
332.0	0	3	0	3
333.0	0	6	0	1
334.0	0	2	0	2
335.0	0	1	0	5
336.0	0	2	0	3
337.0	0	2	0	3
338.0	0	5	0	4
339.0	0	4	0	0
340.0	0	2	0	3
341.0	0	4	0	1
342.0	0	2	0	0
343.0	0	1	0	2
344.0	0	2	0	0
345.0	0	2	0	3
346.0	0	2	0	0
347.0	0	2	0	3
348.0	0	1	0	3
349.0	0	4	0	2
350.0	0	0	0	3
351.0	0	2	0	2
352.0	0	3	0	3
353.0	0	1	0	3
354.0	0	3	0	1
355.0	0	4	0	1
356.0	0	2	0	1
357.0	0	3	0	4
358.0	0	3	0	2
359.0	0	2	0	2
360.0	0	0	0	1
361.0	0	3	0	2
362.0	0	0	0	1
363.0	0	1	0	3
364.0	0	2	0	3
365.0	0	0	0	2
366.0	0	1	0	3
367.0	0	4	0	2
368.0	0	3	0	2
369.0	0	3	0	2
370.0	0	3	0	3
371.0	0	1	0	1
372.0	0	3	0	3
373.0	0	1	0	2
374.0	0	2	0	3
375.0	0	3	0	3
376.0	0	2	0	1
377.0	0	4	0	3
378.0	0	3	0	1
379.0	0	1	0	1
380.0	0	0	0	1
382.0	0	2	0	1
383.0	0	3	0	5
384.0	0	1	0	4
385.0	0	0	0	2
386.0	0	3	0	4
387.0	0	1	0	4
388.0	0	4	0	4
389.0	0	1	0	0
390.0	0	4	0	0
391.0	0	4	0	0
392.0	0	3	0	1
393.0	0	2	0	2
394.0	0	2	0	2
395.0	0	2	0	3
396.0	0	1	0	1
397.0	0	1	0	0
398.0	0	3	0	2
399.0	0	2	0	2
400.0	0	4	0	2
401.0	0	2	0	3
402.0	0	0	0	2
403.0	0	2	0	3
404.0	0	1	0	2
405.0	0	1	0	0
407.0	0	2	0	1
408.0	0	0	0	3
409.0	0	2	0	5
410.0	0	1	0	1
411.0	0	4	0	0
413.0	0	1	0	1
414.0	0	3	0	0
415.0	0	4	0	0
416.0	0	0	0	1
417.0	0	0	0	4
418.0	0	3	0	1
419.0	0	1	0	1
421.0	0	2	0	2
422.0	0	1	0	1
423.0	0	0	0	1
424.0	0	1	0	0
425.0	0	0	0	1
426.0	0	3	0	0
427.0	0	0	0	3
428.0	0	0	0	2
429.0	0	2	0	1
430.0	0	0	0	2
431.0	0	1	0	0
432.0	0	3	0	1
433.0	0	2	0	1
434.0	0	1	0	2
436.0	0	1	0	2
437.0	0	2	0	1
438.0	0	1	0	1
439.0	0	3	0	1
441.0	0	0	0	1
442.0	0	0	0	1
443.0	0	1	0	1
444.0	0	2	0	1
445.0	0	1	0	1
446.0	0	1	0	2
447.0	0	3	0	1
448.0	0	1	0	0
450.0	0	1	0	0
451.0	0	2	0	0
453.0	0	1	0	0
455.0	0	0	0	1
456.0	0	1	0	2
457.0	0	0	0	2
460.0	0	0	0	2
461.0	0	0	0	4
462.0	0	2	0	3
463.0	0	2	0	0
465.0	0	2	0	1
466.0	0	3	0	0
467.0	0	1	0	2
468.0	0	0	0	1
469.0	0	2	0	2
470.0	0	1	0	2
471.0	0	1	0	0
472.0	0	1	0	1
473.0	0	1	0	0
474.0	0	0	0	1
475.0	0	1	0	1
477.0	0	4	0	0
479.0	0	1	0	0
480.0	0	0	0	1
481.0	0	2	0	2
482.0	0	0	0	1
483.0	0	1	0	1
484.0	0	0	0	2
485.0	0	0	0	1
486.0	0	0	0	3
487.0	0	2	0	0
488.0	0	0	0	2
489.0	0	3	0	0
490.0	0	4	0	0
492.0	0	1	0	1
493.0	0	0	0	1
494.0	0	2	0	1
495.0	0	0	0	2
496.0	0	0	0	1
497.0	0	1	0	1
498.0	0	1	0	1
499.0	0	1	0	0
500.0	0	1	0	1
501.0	0	1	0	0
502.0	0	2	0	1
503.0	0	0	0	5
504.0	0	0	0	2
505.0	0	1	0	1
506.0	0	2	0	0
507.0	0	1	0	1
508.0	0	2	0	2
509.0	0	0	0	1
510.0	0	2	0	1
511.0	0	1	0	0
513.0	0	0	0	1
514.0	0	3	0	0
516.0	0	1	0	0
517.0	0	1	0	1
518.0	0	1	0	1
520.0	0	0	0	2
521.0	0	2	0	0
522.0	0	1	0	0
524.0	0	2	0	0
528.0	0	0	0	2
530.0	0	1	0	2
532.0	0	1	0	0
533.0	0	1	0	1
534.0	0	0	0	1
535.0	0	1	0	1
536.0	0	1	0	1
537.0	0	0	0	1
540.0	0	0	0	3
541.0	0	2	0	1
542.0	0	2	0	1
543.0	0	1	0	1
544.0	0	1	0	0
546.0	0	1	0	1
547.0	0	1	0	1
548.0	0	2	0	0
549.0	0	1	0	1
553.0	0	1	0	0
555.0	0	1	0	0
556.0	0	1	0	1
557.0	0	1	0	0
559.0	0	0	0	1
560.0	0	0	0	2
561.0	0	0	0	1
564.0	0	0	0	2
567.0	0	2	0	0
568.0	0	1	0	1
569.0	0	1	0	0
571.0	0	0	0	1
573.0	0	2	0	0
575.0	0	1	0	0
577.0	0	0	0	1
578.0	0	1	0	1
580.0	0	1	0	3
581.0	0	0	0	1
583.0	0	0	0	2
584.0	0	1	0	0
586.0	0	1	0	1
587.0	0	1	0	0
588.0	0	2	0	1
590.0	0	1	0	0
591.0	0	1	0	0
592.0	0	0	0	1
593.0	0	1	0	0
594.0	0	1	0	0
595.0	0	2	0	1
597.0	0	0	0	1
600.0	0	0	0	2
601.0	0	0	0	1
602.0	0	0	0	1
604.0	0	2	0	0
605.0	0	0	0	1
606.0	0	0	0	2
607.0	0	1	0	0
608.0	0	2	0	0
609.0	0	0	0	3
610.0	0	1	0	0
611.0	0	1	0	0
613.0	0	1	0	1
614.0	0	1	0	1
615.0	0	0	0	1
616.0	0	1	0	0
617.0	0	0	0	2
619.0	0	1	0	2
620.0	0	1	0	0
621.0	0	2	0	1
623.0	0	0	0	1
628.0	0	1	0	2
629.0	0	3	0	0
630.0	0	0	0	1
632.0	0	0	0	1
633.0	0	1	0	0
634.0	0	2	0	0
636.0	0	2	0	0
639.0	0	1	0	1
642.0	0	1	0	1
643.0	0	1	0	1
646.0	0	0	0	1
648.0	0	1	0	0
650.0	0	1	0	0
653.0	0	0	0	1
654.0	0	0	0	1
655.0	0	2	0	0
656.0	0	0	0	1
657.0	0	0	0	1
660.0	0	0	0	1
661.0	0	0	0	1
663.0	0	1	0	0
664.0	0	0	0	1
666.0	0	1	0	1
667.0	0	1	0	2
668.0	0	2	0	0
676.0	0	1	0	0
677.0	0	1	0	0
678.0	0	1	0	1
679.0	0	1	0	0
680.0	0	0	0	1
684.0	0	1	0	0
685.0	0	0	0	2
688.0	0	0	0	1
690.0	0	1	0	0
696.0	0	1	0	1
697.0	0	1	0	0
701.0	0	1	0	0
708.0	0	1	0	0
709.0	0	0	0	1
710.0	0	0	0	1
711.0	0	1	0	0
712.0	0	0	0	1
720.0	0	0	0	1
724.0	0	2	0	1
725.0	0	0	0	1
731.0	0	1	0	0
732.0	0	0	0	1
733.0	0	0	0	1
736.0	0	1	0	0
738.0	0	1	0	0
740.0	0	0	0	1
746.0	0	1	0	0
748.0	0	2	0	0
755.0	0	0	0	1
758.0	0	0	0	1
760.0	0	0	0	1
766.0	0	1	0	0
769.0	0	1	0	0
771.0	0	0	0	1
773.0	0	1	0	0
781.0	0	1	0	0
782.0	0	0	0	2
788.0	0	0	0	2
792.0	0	0	0	1
793.0	0	1	0	0
797.0	0	1	0	0
799.0	0	0	0	1
801.0	0	0	0	1
802.0	0	0	0	1
804.0	0	1	0	1
805.0	0	1	0	0
807.0	0	1	0	1
808.0	0	0	0	1
809.0	0	1	0	1
811.0	0	1	0	0
813.0	0	1	0	1
814.0	0	2	0	0
815.0	0	2	0	0
820.0	0	0	0	1
821.0	0	0	0	1
822.0	0	0	0	1
827.0	0	1	0	0
829.0	0	1	0	0
830.0	0	1	0	0
833.0	0	1	0	0
842.0	0	0	0	1
844.0	0	0	0	1
845.0	0	0	0	1
851.0	0	1	0	1
852.0	0	0	0	1
853.0	0	1	0	0
854.0	0	1	0	1
856.0	0	1	0	2
857.0	0	0	0	1
861.0	0	1	0	0
862.0	0	0	0	1
867.0	0	1	0	0
868.0	0	1	0	1
869.0	0	0	0	1
871.0	0	1	0	0
875.0	0	1	0	0
876.0	0	0	0	1
878.0	0	1	0	0
881.0	0	1	0	0
883.0	0	0	0	1
884.0	0	1	0	0
889.0	0	1	0	0
892.0	0	1	0	0
903.0	0	0	0	1
912.0	0	0	0	1
916.0	0	0	0	1
921.0	0	1	0	2
924.0	0	1	0	0
926.0	0	1	0	0
930.0	0	1	0	0
935.0	0	0	0	1
937.0	0	1	0	0
944.0	0	0	0	1
946.0	0	0	0	1
951.0	0	1	0	0
959.0	0	0	0	1
963.0	0	1	0	0
965.0	0	1	0	0
975.0	0	1	0	0
980.0	0	0	0	1
982.0	0	0	0	1
988.0	0	1	0	0
1003.0	0	1	0	0
1006.0	0	0	0	1
1019.0	0	1	0	0
1045.0	0	0	0	1
1058.0	0	1	0	1
1064.0	0	0	0	1
1074.0	0	0	0	1
1081.0	0	1	0	0
1095.0	0	1	0	0
1096.0	0	1	0	0
1100.0	0	0	0	1
1114.0	0	1	0	1
1154.0	0	1	0	1
1155.0	0	0	0	1
1169.0	0	1	0	0
1171.0	0	1	0	0
1176.0	0	0	0	1
1193.0	0	1	0	0
1205.0	0	0	0	1
1212.0	0	0	0	1
1217.0	0	0	0	1
1224.0	0	1	0	0
1227.0	0	0	0	1
1236.0	0	0	0	1
1237.0	0	1	0	0
1242.0	0	1	0	0
1244.0	0	1	0	0
1247.0	0	1	0	0
1280.0	0	0	0	1
1293.0	0	1	0	0
1309.0	0	0	0	1
1326.0	0	0	0	1
1328.0	0	1	0	0
1336.0	0	0	0	1
1347.0	0	1	0	0
1356.0	0	1	0	0
1549.0	0	0	0	1
1576.0	0	1	0	0
1578.0	0	0	0	1
1602.0	0	0	0	1
1604.0	0	1	0	0
1631.0	0	1	0	0
1687.0	0	0	0	1
1707.0	0	1	0	0
1771.0	0	0	0	1
1791.0	0	1	0	0
1853.0	0	0	0	1
1879.0	0	1	0	0
1906.0	0	0	0	1
1947.0	0	1	0	0
1958.0	0	0	0	1
1982.0	0	1	0	0
2256.0	0	0	0	1
2283.0	0	1	0	0
2420.0	0	0	0	1
2436.0	0	1	0	0
2445.0	0	0	0	1
2486.0	0	1	0	0
2713.0	0	0	0	1
2752.0	0	1	0	0

