100	12838
101	11984
102	11792
103	11057
104	10548
105	10690
106	10050
107	10277
108	11704
109	13450
110	15636
111	16176
112	14590
113	13082
114	11791
115	12037
116	11657
117	12269
118	13519
119	14982
120	16819
121	17688
122	17198
123	15325
124	13863
125	12747
126	12702
127	13060
128	14064
129	15434
130	17387
131	19527
132	21241
133	21944
134	20788
135	18571
136	17491
137	19146
138	22882
139	29189
140	33177
141	33692
142	30501
143	29393
144	30286
145	30858
146	31106
147	29966
148	29875
149	31576
150	35292
151	39522
152	42310.5
153	44512.5
154	46064.5
155	48799.5
156	52403
157	55872
158	60519
159	66540.5
160	69373.5
161	72708
162	77672
163	86578.5
164	95498.5
165	102812
166	107407
167	109440
168	107031
169	102734
170	100116
171	94750.5
172	92914.5
173	96351
174	100514
175	102992
176	107554
177	109684
178	105650
179	102086
180	97524.5
181	94056.5
182	90072
183	85421.5
184	81854.5
185	80382.5
186	79654.5
187	78677
188	77326.5
189	76292.5
190	75202.5
191	72903.5
192	70953
193	68364.5
194	65684
195	63221.5
196	61874.5
197	60153.5
198	59808.5
199	57922.5
200	56048
201	54178.5
202	52500
203	50731
204	47940
205	45923.5
206	44230
207	43418.5
208	41197
209	40134
210	39052.5
211	37939
212	36984
213	35608
214	33579
215	32751.5
216	31419
217	30242.5
218	29277.5
219	27915.5
220	26745
221	27046.5
222	25616
223	24023.5
224	23180.5
225	22771
226	21560
227	20793
228	20294
229	19374.5
230	19001.5
231	18376.5
232	18059.5
233	17220
234	16474
235	16351
236	15735
237	15593
238	14912
239	14260.5
240	14460.5
241	14015
242	13807.5
243	13551
244	13118
245	12899
246	12561
247	12644.5
248	11911
249	11656.5
250	11598.5
251	11719
252	11583.5
253	11302
254	11188
255	11214
256	10921.5
257	10695
258	10537
259	10454
260	10682.5
261	10308
262	10584.5
263	10151.5
264	10025
265	10214.5
266	9777
267	9960
268	10009
269	9631.5
270	9503.5
271	9741
272	9564
273	9579.5
274	9558
275	9400
276	9836
277	9577
278	9292
279	9636.5
280	9502.5
281	9250.5
282	9643.5
283	9514.5
284	9592
285	9732
286	9380
287	9468
288	9609.5
289	9390
290	9572
291	9608.5
292	9515
293	9334.5
294	9748
295	9683.5
296	9575.5
297	9568.5
298	9824.5
299	9902
300	9841
301	10226
302	9971.5
303	9670
304	9825.5
305	9788
306	10067.5
307	10125.5
308	10131.5
309	10111.5
310	10151.5
311	10481.5
312	10284
313	10366.5
314	10411
315	10340.5
316	10676
317	10655
318	10150
319	10532
320	10486.5
321	10621.5
322	10561
323	11165
324	11184
325	11464.5
326	11452.5
327	11831.5
328	11589
329	11871.5
330	11539.5
331	11534
332	11940.5
333	12245.5
334	12509
335	13114
336	14065
337	13981.5
338	14721
339	14858
340	14821
341	14685
342	15113.5
343	15299
344	15831
345	16423
346	16632.5
347	17660
348	18527.5
349	18793
350	19070.5
351	19790
352	19676
353	19703.5
354	20080.5
355	20866.5
356	20944.5
357	22005
358	22369
359	22282.5
360	22969
361	22777.5
362	22969
363	22671
364	22513
365	22629
366	23071
367	23175
368	23756.5
369	23533.5
370	23529
371	23503.5
372	22828.5
373	23006.5
374	22809.5
375	22480
376	22144.5
377	21833
378	21970
379	21518
380	21462.5
381	21288
382	20956
383	21033
384	19895.5
385	19583
386	19414.5
387	18605
388	18275.5
389	18226
390	17845.5
391	17835
392	17493.5
393	16477.5
394	16127.5
395	16082.5
396	15692
397	14982
398	14564.5
399	14506.5
400	14153.5
401	13821.5
402	13363
403	12800.5
404	12585
405	12272
406	11945
407	11361.5
408	11159.5
409	10635
410	10624
411	10177
412	9948.5
413	9632
414	9444.5
415	8851
416	8642.5
417	8356.5
418	8011
419	7998.5
420	7735.5
421	7386.5
422	7480.5
423	7185
424	6595.5
425	6508.5
426	6290
427	5925
428	6030
429	5701
430	5484.5
431	5439
432	5366.5
433	5372.5
434	5149
435	4807
436	4632.5
437	4724
438	4749
439	4365
440	4347.5
441	4240
442	4110
443	4217
444	3907.5
445	3720
446	3785
447	3780.5
448	3634.5
449	3627.5
450	3484
451	3530
452	3686
453	3499.5
454	3370
455	3304.5
456	3419.5
457	3202
458	3090
459	3088.5
460	3060.5
461	3009.5
462	3069
463	3107.5
464	2927
465	3096.5
466	2944.5
467	2881.5
468	2896
469	2832
470	2652
471	2904
472	2807.5
473	2769.5
474	2788
475	2751
476	2743.5
477	2886
478	2730
479	2782.5
480	2675
481	2713
482	2675
483	2782
484	2626
485	2741
486	2845
487	2894.5
488	2804
489	2777.5
490	2694
491	2834.5
492	2933
493	2815.5
494	2730
495	2789
496	2756
497	2802
498	2869
499	2861
50	8307
500	2806
501	2801
502	2766.5
503	2811
504	2950.5
505	2824.5
506	2898
507	2890.5
508	3010.5
509	2949.5
51	7983
510	2942
511	3212
512	3047
513	3046
514	3122.5
515	3139.5
516	3026.5
517	3253
518	3240
519	3226.5
52	7464
520	3317.5
521	3249
522	3272.5
523	3303
524	3358
525	3452
526	3485.5
527	3616
528	3579.5
529	3583.5
53	7146
530	3632
531	3750
532	3744
533	3885
534	3847
535	3855.5
536	3745
537	3754
538	4070.5
539	4131.5
54	7374
540	4167
541	4163
542	4315
543	4106.5
544	4255.5
545	4362.5
546	4422.5
547	4198.5
548	4474
549	4377
55	7720
550	4495.5
551	4466
552	4362
553	4523.5
554	4463.5
555	4444
556	4395.5
557	4347
558	4374.5
559	4366.5
56	8196
560	4193
561	4371.5
562	4344
563	4412.5
564	4304
565	4323.5
566	4384.5
567	4192
568	4274.5
569	4131.5
57	9136
570	4030.5
571	4068
572	4019.5
573	3945
574	3954
575	3998.5
576	3906.5
577	3863.5
578	3825
579	3697
58	9475
580	3748
581	3638.5
582	3552.5
583	3568
584	3557.5
585	3398.5
586	3338
587	3289
588	3289
589	3096.5
59	9473
590	3151.5
591	2960.5
592	2888.5
593	2758.5
594	2707.5
595	2682.5
596	2559.5
597	2658
598	2609
599	2557
60	9507
600	2346
601	2393
602	2287
603	2245
604	2196
605	2088.5
606	2067
607	2103
608	2021.5
609	1949.5
61	9063
610	1831
611	1837
612	1816.5
613	1742
614	1696
615	1683.5
616	1581
617	1514
618	1514.5
619	1297.5
62	8698
620	1529
621	1384.5
622	1371.5
623	1346
624	1216.5
625	1269
626	1254
627	1169.5
628	1118
629	1156
63	8310
630	1067
631	953
632	1052.5
633	1041.5
634	1009.5
635	919.5
636	949.5
637	896
638	941
639	949.5
64	8076
640	857
641	825.5
642	825
643	779.5
644	805
645	822
646	730.5
647	709
648	730
649	724
65	7966
650	713.5
651	711
652	622
653	659.5
654	737
655	668.5
656	623
657	679
658	694.5
659	666
66	8484
660	563
661	625
662	656
663	636
664	643
665	601.5
666	607
667	566
668	617
669	566
67	8942
670	558
671	571.5
672	594
673	576
674	569.5
675	582.5
676	576.5
677	502.5
678	545.5
679	485
68	9368
680	526.5
681	514.5
682	504
683	499.5
684	483
685	473
686	552
687	477.5
688	487
689	500
69	11303
690	525
691	503
692	545
693	513
694	482
695	507
696	443
697	490.5
698	519.5
699	504
70	11029
700	563
71	9638
72	9057
73	8730
74	8532
75	8492
76	8965
77	9218
78	10656
79	12563
80	13067
81	11643
82	9376
83	9183
84	8400
85	8317
86	8412
87	8784
88	9439
89	10972
90	12594
91	13623
92	11122
93	9477
94	8827
95	8693
96	9046
97	9735
98	10990
99	12767
