100	21823
101	21845
102	21824
103	21665
104	21641
105	21152
106	20637
107	19545
108	19130
109	18959
110	18404
111	18206
112	18088
113	17566
114	17183
115	16826
116	15989
117	15391
118	14498
119	13877
120	13453
121	13215
122	13115
123	13278
124	13726
125	14153
126	15664
127	17389
128	18173
129	19738
130	21530
131	23639
132	25676
133	28056
134	29856
135	31433
136	33050
137	34210
138	35611
139	36098
140	36908
141	38907
142	41893
143	48028
144	57891
145	70411
146	87160
147	105706
148	124601
149	143781
150	165769
151	184510
152	198622
153	213933
154	229030
155	244216
156	257772
157	269842
158	281309
159	289026
160	295718
161	300996
162	305086
163	310496
164	315936
165	322372
166	331394
167	337233
168	342588
169	345917
170	344881
171	343559
172	341381
173	339356
174	336520
175	334272
176	332368
177	330013
178	327366
179	321988
180	315652
181	307676
182	299256
183	291644
184	283588
185	277648
186	272232
187	266422
188	260396
189	253439
190	244921
191	236453
192	227042
193	219632
194	210631
195	201689
196	193596
197	186040
198	180164
199	173373
200	167160
201	159286
202	151820
203	144259
204	136080
205	128800
206	121894
207	115852
208	111128
209	105354
210	101266
211	96526.5
212	91514.5
213	87371.5
214	82195
215	77549
216	73069
217	68759
218	64128.5
219	61014
220	57991.5
221	54885
222	53098
223	49759.5
224	47041
225	44869
226	41906
227	39437.5
228	36955.5
229	34888
230	32890
231	31503
232	30140.5
233	28480.5
234	26881
235	25684
236	24433.5
237	22991
238	21574.5
239	20254
240	19486
241	18619
242	17876
243	17115.5
244	16321
245	15876.5
246	15051.5
247	14483
248	13668
249	12898
250	12395.5
251	11973
252	11545
253	11068
254	10578.5
255	10063
256	9976
257	9483.5
258	8991
259	8723
260	8370
261	7990
262	7965
263	7473
264	7577
265	7169
266	6773
267	6511
268	6346
269	6317.5
270	5990
271	5921
272	5628
273	5618
274	5423.5
275	5254.5
276	5072
277	5112
278	4874
279	4735
280	4892.5
281	4563
282	4482.5
283	4506
284	4628.5
285	4427.5
286	4362
287	4313
288	4324
289	4334
290	4476.5
291	4436
292	4463.5
293	4488.5
294	4590.5
295	4531
296	4382.5
297	4698
298	4576
299	4926.5
300	4825.5
301	4864.5
302	4924
303	5066.5
304	5207.5
305	5255.5
306	5374
307	5478
308	5574.5
309	5805.5
310	5996
311	6043
312	6094
313	6346.5
314	6189.5
315	6539
316	6684
317	6829
318	6945.5
319	7135
320	7222.5
321	7466.5
322	7518
323	7691.5
324	8043.5
325	8103
326	8374.5
327	8606
328	8613
329	8877
330	9120.5
331	9420
332	9368.5
333	9775
334	9961
335	10385
336	10454
337	11020
338	10916
339	11690.5
340	11552.5
341	11959
342	12063.5
343	12497.5
344	12634.5
345	12948
346	13252.5
347	13343
348	13621
349	14354.5
350	14485
351	14412.5
352	15362.5
353	15023
354	15704
355	15697
356	15956.5
357	16341
358	16478
359	16822
360	17058
361	17289.5
362	17325.5
363	17421
364	17298.5
365	17584
366	17867
367	17960.5
368	17937.5
369	17796
370	18029
371	18153.5
372	17881.5
373	17890
374	17801.5
375	17764.5
376	17833.5
377	17501
378	17198.5
379	17531.5
380	17125
381	16996.5
382	16985
383	16530
384	16524
385	15907.5
386	15684.5
387	15723.5
388	15440.5
389	15275.5
390	14779
391	14459
392	14154
393	13813.5
394	13502
395	13272.5
396	13011.5
397	12752.5
398	12010.5
399	11842
400	11827
401	11062
402	11175.5
403	10860
404	10489.5
405	10113.5
406	9928
407	9481
408	9123.5
409	8979.5
410	8523.5
411	8292.5
412	8086.5
413	7860.5
414	7516
415	7356
416	6995.5
417	6871.5
418	6565.5
419	6314
420	6013.5
421	5882.5
422	5655.5
423	5652.5
424	5297.5
425	5101
426	5110.5
427	4677
428	4509
429	4510.5
430	4305
431	3962
432	4059.5
433	4009.5
434	3719
435	3687
436	3333
437	3353
438	3304
439	3170
440	3048.5
441	2947.5
442	2940.5
443	2759
444	2764
445	2553.5
446	2439.5
447	2428.5
448	2253
449	2263.5
450	2207
451	2273.5
452	2173
453	2133
454	2083.5
455	1969
456	2049.5
457	1905
458	1857.5
459	1876.5
460	1832.5
461	1822.5
462	1692.5
463	1769
464	1677.5
465	1673.5
466	1562
467	1765
468	1602
469	1567
470	1543
471	1575.5
472	1516
473	1531
474	1517
475	1467
476	1566
477	1474.5
478	1461
479	1531
480	1530
481	1503
482	1452
483	1499
484	1474.5
485	1557.5
486	1476
487	1617.5
488	1535
489	1561.5
490	1499
491	1595.5
492	1673
493	1586
494	1566
495	1645
496	1581.5
497	1576.5
498	1596.5
499	1636.5
50	52753
500	1546.5
501	1624
502	1737
503	1738
504	1606
505	1702
506	1722
507	1755.5
508	1815.5
509	1821
51	55802
510	1781.5
511	1755
512	1869.5
513	1818.5
514	1856.5
515	1919
516	1836
517	1920.5
518	2045
519	2066
52	58427
520	2015.5
521	2040.5
522	2088
523	2217
524	2044.5
525	2161
526	2094.5
527	2251.5
528	2258
529	2229
53	60736
530	2283.5
531	2294.5
532	2224.5
533	2243.5
534	2413.5
535	2349.5
536	2296.5
537	2272
538	2396.5
539	2360
54	63897
540	2328
541	2377.5
542	2410
543	2606
544	2502.5
545	2526
546	2575.5
547	2501
548	2656
549	2526
55	68506
550	2642.5
551	2595
552	2654.5
553	2597
554	2596
555	2697
556	2700
557	2679
558	2534.5
559	2683.5
56	69630
560	2699.5
561	2712
562	2644
563	2615
564	2626
565	2649.5
566	2618
567	2527.5
568	2620
569	2536
57	70313
570	2509
571	2704
572	2578.5
573	2498
574	2525
575	2454
576	2497.5
577	2572
578	2459
579	2576
58	69887
580	2352.5
581	2378
582	2318.5
583	2310.5
584	2312.5
585	2272
586	2287
587	2227
588	2075
589	2115.5
59	69786
590	2037.5
591	2101
592	1995
593	2031
594	1886.5
595	1842
596	1850
597	1777
598	1839
599	1905
60	69007
600	1810.5
601	1754.5
602	1548
603	1558
604	1664.5
605	1579
606	1574.5
607	1442
608	1429.5
609	1339
61	68507
610	1377.5
611	1300
612	1317
613	1291.5
614	1282.5
615	1212
616	1244.5
617	1178
618	1150
619	1125
62	67164
620	1109
621	1076
622	1068.5
623	962
624	947.5
625	936.5
626	954
627	874
628	925
629	867
63	65494
630	851.5
631	810
632	787
633	763
634	724
635	754
636	691
637	729
638	709
639	667.5
64	63050
640	631
641	692
642	580.5
643	595
644	586
645	554.5
646	582.5
647	580
648	526.5
649	523.5
65	61645
650	529
651	461
652	511
653	513
654	536
655	474
656	482
657	442
658	453
659	454
66	59303
660	386
661	441.5
662	430
663	423
664	433
665	432
666	401
667	409.5
668	413
669	418
67	57940
670	396
671	403
672	420
673	364
674	398
675	372
676	366
677	369
678	374
679	378.5
68	55771
680	380
681	361
682	331.5
683	368.5
684	341
685	374.5
686	384.5
687	347
688	392
689	367
69	55012
690	357
691	362
692	350
693	330
694	334
695	324
696	350
697	349
698	370.5
699	343
70	52898
700	373
71	50222
72	49154
73	46523
74	43031
75	40608
76	38536
77	35421
78	32460
79	30438
80	28658
81	27521
82	25558
83	24200
84	23554
85	22328
86	21751
87	22021
88	22342
89	24563
90	25567
91	26208
92	26921
93	27392
94	27393
95	26545
96	25327
97	23375
98	22800
99	22506
