100	10561
101	10165
102	10095
103	9820
104	9999
105	10465
106	9939
107	10151
108	11205
109	11213
110	12273
111	12804
112	12400
113	11729
114	12085
115	11764
116	11420
117	11981
118	12513
119	13093
120	14163
121	14530
122	14339
123	13877
124	13089
125	12693
126	13264
127	13023
128	13394
129	14598
130	15469
131	16684
132	18225
133	19720
134	19595
135	20157
136	20706
137	21258
138	23841
139	26190
140	28937
141	29957
142	29690
143	31738
144	34109
145	36253
146	37364
147	38656
148	40517
149	42852
150	47743
151	52973
152	58034
153	64511
154	68916
155	75699.5
156	79838.5
157	85805
158	92483.5
159	99840.5
160	108950
161	117159
162	128242
163	141788
164	152416
165	164418
166	175384
167	180526
168	179584
169	177498
170	175092
171	168098
172	164500
173	164627
174	166653
175	169614
176	169780
177	172099
178	164100
179	157731
180	150898
181	143399
182	138000
183	130670
184	124185
185	120961
186	116951
187	115328
188	108534
189	106661
190	103540
191	100236
192	97218.5
193	92735.5
194	87849.5
195	84498.5
196	81638.5
197	79072
198	76222.5
199	73235.5
200	70188.5
201	67540.5
202	64711.5
203	62212
204	59250
205	55487
206	53903
207	51248
208	48241.5
209	45938.5
210	43955.5
211	42640
212	40277
213	38551
214	37129
215	35792.5
216	33642.5
217	31549.5
218	30241
219	28551
220	27046.5
221	26054.5
222	24752
223	23658.5
224	22682.5
225	21716.5
226	20298.5
227	19224
228	18516.5
229	17546.5
230	16878
231	15912.5
232	15257.5
233	14756.5
234	13795
235	13276
236	12867
237	12245
238	11720
239	10988.5
240	11040.5
241	10271.5
242	10034.5
243	9823
244	9180.5
245	9054
246	8781.5
247	8509
248	8254
249	7782.5
250	7486
251	7760
252	7359.5
253	7074.5
254	6894
255	6889
256	6563
257	6558
258	6488
259	6304.5
260	6081
261	6037.5
262	6068
263	5771.5
264	6107
265	6015.5
266	5916
267	5764
268	5905
269	5405
270	5673.5
271	5565.5
272	5540
273	5474
274	5567
275	5472.5
276	5402.5
277	5543.5
278	5508
279	5466
280	5598
281	5596.5
282	5486.5
283	5469.5
284	5577
285	5762.5
286	5703.5
287	5791
288	5948
289	5788.5
290	6014
291	5985
292	6133
293	6120
294	6375.5
295	6386.5
296	6301.5
297	6586.5
298	6607
299	6467
300	6964.5
301	6768.5
302	6697
303	6892.5
304	6942
305	6986
306	7191.5
307	7251
308	7160.5
309	7136.5
310	7410
311	7490.5
312	7499
313	7605.5
314	7742.5
315	7885
316	8126.5
317	7984.5
318	7803
319	7816.5
320	7898.5
321	7800.5
322	8142.5
323	8323.5
324	8337
325	8740.5
326	8729.5
327	8853
328	8999
329	8901
330	8878
331	8900.5
332	9121
333	9040
334	9260.5
335	9789
336	10251.5
337	10302.5
338	10516
339	10612
340	10641
341	10784.5
342	10642
343	11025
344	11149.5
345	11671
346	12350
347	12533
348	13036
349	13137
350	13512
351	13637
352	13755
353	14040
354	14106
355	14512
356	14817
357	15217
358	15663
359	15792.5
360	16022.5
361	15816
362	15830.5
363	15922
364	15541
365	15660.5
366	16071
367	15973
368	16081
369	16356.5
370	15905
371	16021.5
372	15822
373	15892
374	15657
375	15427
376	15084
377	15301.5
378	14974
379	14772.5
380	14400.5
381	14675.5
382	14292.5
383	14249
384	13376
385	13032
386	12924
387	12665
388	12525
389	11959
390	11712.5
391	11397
392	11694
393	10656
394	10650
395	10438.5
396	9975
397	9654.5
398	9474.5
399	9171.5
400	8815.5
401	8407.5
402	8463
403	7949
404	7776.5
405	7454
406	7159
407	6913.5
408	7041
409	6652
410	6379
411	6010.5
412	5654
413	5712
414	5440.5
415	5217
416	4873
417	4767.5
418	4535
419	4375.5
420	4329
421	4122
422	3933.5
423	3788.5
424	3713
425	3533.5
426	3417
427	3184.5
428	3110
429	3117.5
430	2975.5
431	2806.5
432	2779
433	2583.5
434	2566.5
435	2512
436	2408
437	2304.5
438	2324
439	2301
440	2056
441	2108.5
442	2012.5
443	1836
444	1902
445	1835
446	1894.5
447	1732.5
448	1705.5
449	1584
450	1597.5
451	1613.5
452	1653.5
453	1631.5
454	1644.5
455	1557
456	1530
457	1426
458	1403
459	1402
460	1539.5
461	1410
462	1441.5
463	1421
464	1368
465	1322
466	1337.5
467	1356
468	1316
469	1333.5
470	1314
471	1314
472	1246.5
473	1252
474	1358
475	1307.5
476	1329
477	1316
478	1329
479	1354.5
480	1367.5
481	1286.5
482	1315
483	1305.5
484	1450
485	1421.5
486	1338
487	1383
488	1453
489	1470
490	1444.5
491	1433
492	1476
493	1480
494	1402.5
495	1380
496	1482
497	1352
498	1542
499	1598
50	11943
500	1468.5
501	1487.5
502	1527.5
503	1427
504	1511
505	1619
506	1654.5
507	1599
508	1567.5
509	1660
51	11931
510	1690
511	1647
512	1703
513	1563
514	1559
515	1613.5
516	1738
517	1712.5
518	1797
519	1731.5
52	11376
520	1725.5
521	1722.5
522	1761
523	1756.5
524	1780
525	1828.5
526	1845
527	1880.5
528	1866
529	1955
53	11048
530	1966.5
531	2025
532	1936
533	2022
534	2014
535	2095
536	2060
537	1971.5
538	1996
539	2189.5
54	11414
540	2194.5
541	2164
542	2204
543	2217.5
544	2288
545	2211.5
546	2255
547	2226.5
548	2213.5
549	2224.5
55	11496
550	2301.5
551	2366
552	2219
553	2342
554	2343
555	2240
556	2199
557	2316
558	2298
559	2261
56	11783
560	2283
561	2332
562	2317
563	2131
564	2126
565	2148
566	2177.5
567	2028
568	2179
569	2108.5
57	12082
570	2126.5
571	2049
572	1994
573	1982
574	2008.5
575	2050
576	1986
577	1850
578	1788.5
579	1706.5
58	11965
580	1807
581	1608
582	1668
583	1593
584	1617
585	1667
586	1565
587	1626.5
588	1523
589	1435
59	11822
590	1387
591	1403.5
592	1394.5
593	1309.5
594	1304
595	1210
596	1178
597	1185.5
598	1122.5
599	1054
60	12242
600	1046
601	1010
602	940
603	960
604	889
605	854
606	858
607	844
608	860
609	762
61	11689
610	762
611	742
612	654.5
613	704
614	643.5
615	612
616	572
617	573
618	574
619	532.5
62	11349
620	483
621	488.5
622	580
623	487.5
624	483.5
625	472
626	426
627	401
628	410.5
629	397
63	11433
630	346.5
631	368
632	360
633	316
634	342.5
635	338
636	330
637	296
638	298
639	320
64	11070
640	260
641	297
642	274
643	302
644	274.5
645	282
646	255
647	254.5
648	243.5
649	247
65	10825
650	247
651	228
652	249
653	250
654	231
655	215
656	191
657	216
658	241
659	211
66	11110
660	211.5
661	201.5
662	212
663	227
664	222
665	161
666	185
667	204
668	186
669	195
67	10844
670	202.5
671	209
672	209
673	191
674	216
675	193
676	190
677	190
678	187.5
679	157
68	10890
680	200
681	186
682	196
683	160
684	184
685	153
686	180
687	156.5
688	177
689	168
69	11541
690	167
691	169
692	155.5
693	193.5
694	177
695	171
696	174
697	197
698	163
699	167
70	11567
700	179
71	10886
72	10992
73	10798
74	10752
75	10697
76	10491
77	10260
78	10704
79	11780
80	11483
81	11470
82	10548
83	9612
84	10176
85	9692
86	9576
87	9816
88	9450
89	9924
90	10929
91	12017
92	10583
93	10054
94	9366
95	9286
96	9843
97	9671
98	10053
99	10773
