100	8200
101	7774
102	7503
103	7216
104	7172
105	7064
106	6977
107	7150
108	7351
109	8269
110	9293
111	9751
112	9052
113	8128
114	7623
115	7601
116	7488
117	7796
118	8433
119	9236
120	10221
121	10746
122	10086
123	9270
124	8546
125	8166
126	7950
127	8220
128	8865
129	9438
130	10080
131	11414
132	12374
133	13030
134	12668
135	12480
136	11974
137	13267
138	14717
139	17927
140	19617
141	20313
142	19351
143	19494
144	20548
145	21272
146	21567
147	22618
148	23928
149	25882
150	28507
151	31986
152	34653
153	36617.5
154	38939
155	42225
156	45089.5
157	49348
158	54803
159	60079.5
160	64610.5
161	69394
162	75035
163	81134
164	87482
165	91733
166	95518.5
167	100021
168	101615
169	102627
170	104014
171	103774
172	105210
173	106272
174	107406
175	107756
176	108904
177	108813
178	106138
179	104400
180	102864
181	101016
182	98889
183	96968
184	94048.5
185	92652.5
186	91196.5
187	90389
188	87800
189	86640
190	85874
191	84147.5
192	82450
193	80820
194	78157
195	76411
196	74563.5
197	73031
198	71118
199	69767
200	67762
201	66161.5
202	64235.5
203	62675.5
204	61114
205	58575
206	56778.5
207	55973.5
208	53766
209	52128
210	50666
211	49208.5
212	47954.5
213	47142.5
214	45220
215	44082.5
216	42485.5
217	40910.5
218	39203
219	37670.5
220	36608.5
221	35564
222	34277.5
223	32893.5
224	31979.5
225	30642
226	30131
227	28778
228	27792
229	26809.5
230	25906.5
231	25107
232	24112
233	23221.5
234	21930
235	21808.5
236	21010
237	20399
238	19796
239	18627.5
240	18249
241	17724.5
242	17155
243	17112
244	16016
245	15710
246	15246
247	14649.5
248	14107.5
249	13784.5
250	13115
251	13070
252	12572
253	12207
254	12091
255	11740
256	11837
257	11143
258	11102.5
259	10409.5
260	10038
261	10046
262	9649.5
263	9561.5
264	9345
265	8876.5
266	9110
267	8880.5
268	8566
269	8649
270	8292
271	8416
272	8187
273	7843
274	7707.5
275	7885
276	7673
277	7509.5
278	7510
279	7388
280	7514.5
281	7486
282	7238
283	7169
284	7113
285	7070
286	7151.5
287	7004.5
288	7142
289	6929.5
290	7009
291	6874.5
292	7094
293	6887.5
294	6953
295	7065
296	7043
297	6970
298	6876
299	7113
300	7197
301	7151.5
302	7276.5
303	7302
304	7177.5
305	7040
306	7090
307	7358.5
308	7201
309	7363
310	7410.5
311	7382.5
312	7540
313	7644.5
314	7585
315	7786
316	7711
317	7679.5
318	7683
319	7673
320	7798.5
321	7831.5
322	7980.5
323	8049
324	8022
325	8092.5
326	8272.5
327	8243.5
328	8410.5
329	8416.5
330	8286
331	8468.5
332	8980
333	8700.5
334	8725
335	9081.5
336	9465.5
337	9259.5
338	9493
339	9567
340	9664
341	9722
342	9953
343	10057
344	10354.5
345	10532
346	10500
347	10963.5
348	11318.5
349	11452
350	11645.5
351	12023
352	12061.5
353	12229.5
354	12173
355	12759.5
356	12724.5
357	13272
358	13443.5
359	13742
360	13791
361	13640.5
362	13892.5
363	13833
364	13954.5
365	13986.5
366	14342
367	14073
368	14552.5
369	14408
370	14552.5
371	14495
372	14407.5
373	14354.5
374	14421
375	14514
376	14053.5
377	14299
378	14612
379	14293.5
380	14051.5
381	14294.5
382	13970
383	13971
384	13858.5
385	13409
386	13088
387	13071
388	12707.5
389	12537
390	12708
391	12664
392	12389
393	11740.5
394	11687
395	11530
396	11267.5
397	11331.5
398	11061.5
399	10828.5
400	10673.5
401	10341.5
402	10012
403	9964.5
404	9530.5
405	9319.5
406	9293.5
407	8972.5
408	8482.5
409	8644
410	8242
411	8287
412	7796
413	7788
414	7672.5
415	7339.5
416	7016
417	6971.5
418	6631.5
419	6483
420	6359.5
421	6299
422	6287
423	5883.5
424	5778
425	5501
426	5442
427	5294
428	5259.5
429	4914
430	4933.5
431	4796.5
432	4659
433	4567
434	4229.5
435	4234
436	4294
437	4176
438	3832.5
439	3749.5
440	3716
441	3646
442	3762
443	3431.5
444	3391
445	3334
446	3245
447	3140.5
448	3042
449	3042.5
450	3000
451	2845.5
452	2859.5
453	2739
454	2837
455	2646
456	2732.5
457	2648
458	2526.5
459	2524.5
460	2538
461	2452.5
462	2317.5
463	2286.5
464	2354.5
465	2227.5
466	2322
467	2178.5
468	2154
469	2267
470	2205
471	2133.5
472	2196
473	2009.5
474	2029
475	2145.5
476	1966
477	1980
478	2008
479	2046
480	2067.5
481	1994.5
482	1995
483	1961
484	1969.5
485	1988
486	1881
487	1912
488	1909.5
489	1856.5
490	1924
491	1934
492	1885
493	1932.5
494	1804
495	1933.5
496	2018
497	1893.5
498	2017.5
499	1827.5
50	5598
500	1941.5
501	1844.5
502	1945
503	2022
504	1920
505	1901.5
506	1954.5
507	1931
508	1874.5
509	1957.5
51	5533
510	1957.5
511	1950.5
512	1995
513	2030.5
514	1938.5
515	2051.5
516	1926.5
517	1975.5
518	2158
519	2116
52	5541
520	2181
521	2111.5
522	2122
523	2245.5
524	2130
525	2234.5
526	2181
527	2233.5
528	2281
529	2361
53	5540
530	2181
531	2246.5
532	2368.5
533	2416
534	2434.5
535	2343.5
536	2416
537	2438.5
538	2429
539	2530
54	5823
540	2548
541	2593.5
542	2565.5
543	2717.5
544	2531
545	2611
546	2717.5
547	2577.5
548	2614
549	2635
55	5827
550	2642.5
551	2745.5
552	2753
553	2710
554	2774
555	2723
556	2777
557	2632.5
558	2741
559	2778
56	6193
560	2890.5
561	2656
562	2691.5
563	2708
564	2753.5
565	2533.5
566	2711.5
567	2749
568	2760
569	2692.5
57	6518
570	2749.5
571	2564
572	2624.5
573	2663.5
574	2515
575	2649
576	2497.5
577	2562
578	2496.5
579	2428
58	6680
580	2383
581	2400
582	2289
583	2324
584	2400
585	2391
586	2204
587	2260
588	2134
589	2051
59	6666
590	2173.5
591	2010
592	2030.5
593	1952
594	1947.5
595	1870
596	1873.5
597	1764
598	1824
599	1731.5
60	6580
600	1764
601	1738
602	1740
603	1596.5
604	1679
605	1551.5
606	1452
607	1445
608	1523
609	1516
61	6880
610	1458
611	1408
612	1344
613	1371.5
614	1234.5
615	1230.5
616	1189
617	1268.5
618	1220
619	1126.5
62	6757
620	1076
621	1130
622	1108.5
623	1018.5
624	1034.5
625	964
626	992.5
627	899
628	916.5
629	883.5
63	6585
630	764.5
631	754
632	853.5
633	823
634	771
635	810
636	708
637	758
638	728
639	741
64	6628
640	676
641	690
642	690
643	674
644	659
645	634.5
646	626.5
647	593
648	565
649	574
65	6499
650	590
651	601
652	567
653	490.5
654	535
655	481
656	535
657	509
658	492
659	431
66	6860
660	474
661	461
662	473.5
663	432
664	489
665	455
666	462
667	439
668	449
669	466
67	6676
670	403
671	394
672	396
673	410
674	411
675	411
676	416
677	356
678	358
679	373
68	6802
680	340.5
681	389
682	362
683	374
684	359
685	353
686	336
687	333.5
688	374
689	363
69	7201
690	314
691	300
692	331
693	336.5
694	297
695	363
696	328
697	302
698	387
699	333.5
70	7185
700	322.5
71	7049
72	6819
73	6800
74	6453
75	6473
76	6727
77	6511
78	6973
79	7686
80	7965
81	7572
82	7055
83	6605
84	6747
85	6519
86	6463
87	6533
88	6578
89	7138
90	8177
91	8535
92	7469
93	6946
94	6499
95	6505
96	6485
97	6650
98	7319
99	7836
