100	16741
101	16827
102	16878
103	17100
104	16938
105	16755
106	16662
107	16394
108	16244
109	16619
110	16522
111	16656
112	16108
113	16075
114	15635
115	15379
116	15127
117	14405
118	14131
119	14212
120	14150
121	14186
122	14409
123	15523
124	16944
125	18591
126	20511
127	23053
128	24644
129	25639
130	26942
131	28687
132	30487
133	33138
134	33972
135	34549
136	35348
137	36400
138	36701
139	37410
140	38117
141	39298
142	42018
143	48849
144	60676
145	75892
146	94464
147	112374
148	131239
149	148586
150	164531
151	178117
152	187475
153	197005
154	205702
155	213883
156	221373
157	226570
158	228922
159	230473
160	231450
161	231489
162	230577
163	229346
164	228967
165	227618
166	226478
167	225222
168	224592
169	219850
170	213711
171	209119
172	204774
173	200361
174	193973
175	189304
176	184668
177	178382
178	172632
179	167480
180	161390
181	153832
182	146740
183	140654
184	135490
185	130402
186	125472
187	120477
188	116730
189	112047
190	107132
191	102520
192	98468.5
193	94380.5
194	89865
195	85514.5
196	81404.5
197	78144
198	74007
199	71723.5
200	68380.5
201	66224
202	62809
203	60308
204	57915.5
205	54448
206	51600
207	49044.5
208	46734
209	44504
210	42780.5
211	40902
212	39109.5
213	37533
214	35769.5
215	34296
216	32206.5
217	30613.5
218	29131
219	27826.5
220	26508.5
221	25754.5
222	24662.5
223	23367.5
224	22464
225	20958.5
226	20352
227	19648.5
228	18595.5
229	17847
230	16990.5
231	16348
232	15897
233	15242.5
234	14697.5
235	14166
236	13492.5
237	13170
238	12758
239	12180
240	11772
241	11502.5
242	10771
243	10475.5
244	10110.5
245	9917
246	9322.5
247	9121
248	8817
249	8622.5
250	8457
251	8298.5
252	7969.5
253	7670.5
254	7509.5
255	7452.5
256	7192
257	6876.5
258	6779.5
259	6697.5
260	6455
261	6356
262	5891
263	6060
264	5874
265	5811.5
266	5580
267	5430.5
268	5209
269	5406
270	5330.5
271	5120.5
272	5107.5
273	5019.5
274	4821
275	4907.5
276	4862
277	4763
278	4821.5
279	4729
280	4678
281	4670
282	4787.5
283	4650
284	4729
285	4771
286	4810
287	4765
288	4759
289	4853.5
290	4989.5
291	5317.5
292	5292
293	5110
294	5288
295	5528
296	5563
297	5511
298	5738.5
299	5846
300	6063
301	6009
302	6140.5
303	6292
304	6257
305	6278
306	6451
307	6266
308	6452
309	6445
310	6619
311	6588.5
312	6695.5
313	6731
314	6715.5
315	7066
316	6928.5
317	6899
318	6785.5
319	6932
320	7063
321	7051.5
322	7290.5
323	7123.5
324	7270
325	7036.5
326	7409
327	7296
328	7401
329	7420
330	7487
331	7319.5
332	7319
333	7540.5
334	7625
335	7913
336	7874
337	8007.5
338	7864
339	8073
340	8043
341	8177
342	8118.5
343	8146
344	8425
345	8655
346	8564
347	8763
348	8815.5
349	8948.5
350	9000.5
351	9229.5
352	8985.5
353	9112.5
354	9279
355	9200.5
356	9302
357	9255.5
358	9543.5
359	9706.5
360	9532
361	9454
362	9436.5
363	9562.5
364	9389
365	9376.5
366	9513.5
367	9662.5
368	9424
369	9374.5
370	9470
371	9405
372	9244.5
373	9275
374	9231
375	8937
376	8837
377	8840
378	8714
379	8479
380	8713.5
381	8483.5
382	8368.5
383	8219
384	8080
385	7803
386	7770.5
387	7792.5
388	7596
389	7596
390	7268
391	7225
392	6963.5
393	6856
394	6665.5
395	6430
396	6285.5
397	6445.5
398	6130.5
399	5993.5
400	5747
401	5707.5
402	5467.5
403	5385
404	5163.5
405	5124.5
406	4933.5
407	4812
408	4651
409	4518
410	4351.5
411	4404.5
412	4266.5
413	3961
414	3973.5
415	3838.5
416	3852.5
417	3697
418	3680
419	3561.5
420	3368
421	3437.5
422	3307
423	3257
424	3039
425	3001
426	2913.5
427	2825.5
428	2708
429	2661.5
430	2646
431	2501
432	2470
433	2301
434	2306.5
435	2311
436	2200
437	2222
438	2141
439	2177.5
440	2202
441	2012
442	2107
443	2032
444	1923
445	1895
446	1932
447	1784
448	1772
449	1772.5
450	1805
451	1669
452	1621
453	1671
454	1573.5
455	1639.5
456	1624.5
457	1608.5
458	1531
459	1591
460	1590
461	1508
462	1515.5
463	1482
464	1468
465	1488
466	1408
467	1436.5
468	1392
469	1417
470	1418
471	1446
472	1390.5
473	1521.5
474	1423
475	1421.5
476	1467.5
477	1440
478	1393.5
479	1394.5
480	1432
481	1378
482	1335
483	1346
484	1444.5
485	1385
486	1428.5
487	1351.5
488	1454
489	1386.5
490	1392
491	1396
492	1395
493	1426.5
494	1422.5
495	1325.5
496	1452.5
497	1327
498	1371.5
499	1407
50	25845
500	1509
501	1439
502	1334.5
503	1471.5
504	1405.5
505	1448.5
506	1378
507	1446
508	1324
509	1393.5
51	27043
510	1471.5
511	1467
512	1456.5
513	1482.5
514	1449
515	1493
516	1470
517	1399.5
518	1498
519	1517
52	28124
520	1423.5
521	1540.5
522	1528
523	1509
524	1579
525	1592.5
526	1578.5
527	1585.5
528	1584.5
529	1503
53	29855
530	1579
531	1590
532	1591
533	1680.5
534	1562
535	1646
536	1640
537	1585
538	1714
539	1664
54	32011
540	1603.5
541	1648.5
542	1649.5
543	1604
544	1668.5
545	1687
546	1718
547	1565.5
548	1774.5
549	1674.5
55	34239
550	1692
551	1595
552	1762.5
553	1771.5
554	1690
555	1659
556	1688
557	1660
558	1597.5
559	1628
56	35493
560	1634
561	1709
562	1649
563	1571.5
564	1595
565	1643
566	1593
567	1557
568	1641
569	1594
57	36427
570	1572.5
571	1506
572	1491.5
573	1509
574	1517
575	1536.5
576	1368
577	1445.5
578	1397.5
579	1413
58	37040
580	1420.5
581	1391.5
582	1359
583	1371
584	1393
585	1319
586	1264.5
587	1239.5
588	1203
589	1166
59	37207
590	1273
591	1244
592	1238
593	1224
594	1107
595	1112.5
596	1127
597	1033
598	1031
599	1071
60	36856
600	1053
601	991.5
602	989
603	953.5
604	949.5
605	929
606	905
607	869.5
608	910
609	850
61	36353
610	867
611	811.5
612	779
613	830
614	698
615	773
616	668.5
617	742
618	670
619	715
62	35321
620	635
621	669
622	660
623	617
624	650.5
625	644
626	595
627	639.5
628	590
629	543
63	34044
630	592.5
631	559
632	529
633	572
634	560.5
635	528.5
636	515
637	487.5
638	493
639	472.5
64	32550
640	443
641	490
642	470
643	425
644	421
645	411
646	425.5
647	397.5
648	422
649	421
65	31464
650	427.5
651	339
652	371
653	387.5
654	438
655	404
656	373
657	404.5
658	364
659	341
66	30345
660	342
661	335
662	330.5
663	338
664	352
665	313.5
666	349
667	342
668	336.5
669	352
67	29722
670	299
671	341
672	350.5
673	315.5
674	316
675	342
676	295
677	351
678	283
679	290
68	28743
680	323
681	321
682	313
683	322
684	329
685	305.5
686	312
687	280
688	283
689	294
69	28902
690	284
691	270
692	321
693	308
694	263
695	289
696	302
697	293
698	277
699	302
70	28656
700	290
71	27249
72	26544
73	25541
74	24503
75	23267
76	22289
77	21267
78	20289
79	19590
80	19407
81	18262
82	17564
83	17161
84	16661
85	16359
86	16283
87	16314
88	16522
89	18075
90	18731
91	18893
92	19061
93	19125
94	18836
95	18170
96	17745
97	17213
98	16846
99	16963
