100	20657
101	19494
102	18608
103	17988
104	17287
105	17131
106	16712
107	17004
108	17774
109	19785
110	22390
111	23208
112	20905
113	18924
114	17777
115	17527
116	17251
117	17540
118	18884
119	21039
120	22673
121	23526
122	22659
123	20863
124	18565
125	17416
126	17658
127	17583
128	18232
129	19866
130	21268
131	22694
132	23833
133	24547
134	23586
135	22303
136	21189
137	22446
138	25454
139	29856
140	33480
141	34052
142	31971
143	30259
144	30975
145	31163
146	31130
147	31402
148	32557
149	34376
150	37901
151	40925
152	43804.5
153	45309
154	46937.5
155	49356.5
156	52990
157	56838
158	62023.5
159	68158
160	74289.5
161	79551.5
162	85651.5
163	91078.5
164	98261
165	103108
166	107926
167	112146
168	114054
169	114950
170	117124
171	117816
172	118228
173	119124
174	121085
175	122611
176	122948
177	123636
178	119246
179	116820
180	114462
181	111128
182	108964
183	106848
184	103804
185	101656
186	100492
187	98969.5
188	96171.5
189	93846.5
190	92843.5
191	90334.5
192	88146.5
193	85158.5
194	83078
195	80583.5
196	77783.5
197	76031
198	75359
199	72377
200	69623
201	68605
202	66381
203	64629
204	63041
205	59941
206	57955
207	56571.5
208	53972.5
209	52093
210	50816
211	49572
212	47903
213	46322.5
214	44910.5
215	43766
216	41655.5
217	40291
218	39101.5
219	37471.5
220	35726
221	34952.5
222	33527.5
223	32401
224	31272.5
225	30354.5
226	29193.5
227	28106
228	26937.5
229	26242.5
230	25418.5
231	24620
232	23250
233	22989
234	22126.5
235	21621.5
236	20855
237	19983.5
238	19729.5
239	19152.5
240	18567
241	17806
242	17282
243	17082
244	16609.5
245	16168.5
246	15617.5
247	15307.5
248	14707
249	14399
250	13941.5
251	13737.5
252	13559
253	13079.5
254	12602
255	12573
256	12304
257	12031
258	11882
259	11695
260	11769.5
261	11164.5
262	11024.5
263	10921
264	10832
265	10954.5
266	10650.5
267	10634.5
268	10307.5
269	10308
270	10086
271	9942
272	9933
273	9883
274	9700.5
275	9588
276	9517
277	9450
278	9372.5
279	9434.5
280	9262
281	9126.5
282	9288
283	9334
284	9168
285	9288.5
286	9160
287	9178
288	9075
289	9326
290	8896.5
291	9041
292	9022.5
293	8876
294	9080.5
295	9004.5
296	9130
297	9160.5
298	9051.5
299	8852
300	9109
301	9236.5
302	8943
303	8973.5
304	8986
305	9224.5
306	8972.5
307	9171.5
308	9074
309	9074.5
310	9304
311	9218
312	9204
313	9265
314	9178
315	9384.5
316	9351
317	9717.5
318	9434
319	9495.5
320	9270
321	9528
322	9431.5
323	9648.5
324	9624
325	9800.5
326	9889.5
327	10114.5
328	9954
329	10105.5
330	10261.5
331	10040.5
332	10075.5
333	10198
334	10334.5
335	10447
336	10764
337	10784
338	11168
339	11137
340	11442.5
341	11171
342	11416
343	11406.5
344	11937
345	11961.5
346	12403
347	12579
348	12972.5
349	13105.5
350	13505.5
351	13529.5
352	13730.5
353	13855.5
354	13950
355	14260
356	14658.5
357	14801
358	14644.5
359	15205
360	15322
361	15530.5
362	15474.5
363	15367
364	15551
365	15918.5
366	15966
367	16150.5
368	16207
369	16134
370	16279.5
371	15984
372	16257
373	15995
374	15976
375	16212.5
376	15851.5
377	16113.5
378	16056.5
379	16016
380	15967
381	15758.5
382	15644
383	15942.5
384	15327
385	15152.5
386	14937
387	15025.5
388	14524
389	14456.5
390	14334
391	14343.5
392	14174.5
393	13676
394	13166
395	13381.5
396	12987
397	12677.5
398	12568
399	12355.5
400	12189
401	12014
402	11700
403	11667.5
404	11091
405	10897
406	10779.5
407	10285.5
408	10474.5
409	9798
410	9825.5
411	9329.5
412	9361.5
413	9282.5
414	8928.5
415	8775
416	8464.5
417	8185
418	8063.5
419	7664.5
420	7472.5
421	7536.5
422	7281
423	7204
424	7104.5
425	6637
426	6622.5
427	6234
428	6152.5
429	6047.5
430	5773.5
431	5935
432	5814
433	5403
434	5378.5
435	5357
436	5194
437	5037.5
438	4829.5
439	4690
440	4634.5
441	4520
442	4410.5
443	4366.5
444	4282.5
445	4142.5
446	4059
447	3978.5
448	3878
449	3735
450	3768.5
451	3714.5
452	3707
453	3572.5
454	3512
455	3642.5
456	3345.5
457	3385.5
458	3443.5
459	3262.5
460	3177
461	3202.5
462	3130
463	3098.5
464	3153.5
465	3108.5
466	2919.5
467	2825
468	2837
469	3017.5
470	3017.5
471	2870
472	2805.5
473	2790.5
474	2744
475	2678.5
476	2714
477	2790.5
478	2738.5
479	2863.5
480	2754.5
481	2654.5
482	2720
483	2637.5
484	2744.5
485	2615
486	2729.5
487	2617
488	2610
489	2727
490	2636.5
491	2477.5
492	2655.5
493	2593.5
494	2579
495	2536
496	2600
497	2581
498	2658.5
499	2568
50	19009
500	2685.5
501	2689.5
502	2578.5
503	2530
504	2555.5
505	2634
506	2702.5
507	2676
508	2504.5
509	2696.5
51	19220
510	2620.5
511	2675.5
512	2542.5
513	2624
514	2661
515	2735.5
516	2708
517	2786
518	2698
519	2769
52	18564
520	2703
521	2761
522	2802.5
523	2773.5
524	2825
525	2896
526	2873
527	2971
528	2860.5
529	2895.5
53	18663
530	2966
531	3075
532	2963
533	3213
534	3102.5
535	3100
536	3017
537	3052.5
538	3020
539	3130.5
54	19003
540	3242
541	3217
542	3276.5
543	3313.5
544	3405
545	3253
546	3238.5
547	3295.5
548	3257.5
549	3527.5
55	19896
550	3325.5
551	3446.5
552	3469.5
553	3427
554	3596.5
555	3491.5
556	3350.5
557	3444.5
558	3649
559	3405
56	20335
560	3544
561	3581
562	3521.5
563	3537.5
564	3397
565	3519.5
566	3439.5
567	3558.5
568	3532
569	3514.5
57	21239
570	3332.5
571	3496.5
572	3370.5
573	3190
574	3459
575	3302.5
576	3305.5
577	3187.5
578	3087
579	3296
58	21575
580	3187.5
581	3063.5
582	3054
583	3038.5
584	3044
585	3194
586	3067.5
587	3067.5
588	2954
589	2896
59	21726
590	2804
591	2676
592	2762
593	2707
594	2574
595	2546.5
596	2687
597	2507.5
598	2370
599	2362.5
60	21557
600	2377
601	2315.5
602	2336
603	2186
604	2135.5
605	2202.5
606	2045.5
607	2056
608	2077
609	1989
61	21177
610	2036.5
611	1997
612	2014.5
613	1828
614	1864.5
615	1752
616	1842
617	1672
618	1537.5
619	1636.5
62	20774
620	1599
621	1513.5
622	1465
623	1473.5
624	1460.5
625	1404.5
626	1426
627	1326.5
628	1296
629	1401.5
63	20379
630	1274.5
631	1262
632	1190.5
633	1174.5
634	1076.5
635	1058.5
636	1118
637	1068
638	1022
639	986.5
64	20088
640	1073.5
641	1060
642	938
643	912
644	974.5
645	930
646	907
647	798
648	900
649	886
65	19752
650	873
651	813
652	834
653	803
654	792
655	752.5
656	747
657	755.5
658	673
659	732.5
66	20203
660	737
661	666
662	695.5
663	733
664	672.5
665	664
666	637.5
667	722
668	637.5
669	627
67	19808
670	652
671	588
672	625
673	573.5
674	636
675	591.5
676	618
677	578
678	636.5
679	576
68	20260
680	595
681	569
682	565
683	568
684	564
685	549.5
686	559.5
687	573
688	561.5
689	548.5
69	21464
690	533
691	592
692	540
693	501
694	500
695	539
696	486
697	530
698	503.5
699	512
70	21782
700	504
71	20494
72	19513
73	19129
74	18968
75	19207
76	18754
77	18297
78	19610
79	22022
80	22532
81	21100
82	18663
83	17730
84	17997
85	17251
86	17061
87	17319
88	17557
89	19302
90	21629
91	21948
92	20154
93	18151
94	17493
95	16852
96	16969
97	17481
98	18654
99	20161
