100	52038
101	50530
102	47376
103	45861
104	44535
105	44321
106	43118
107	42978
108	45123
109	46724
110	51949
111	54262
112	49843
113	44145
114	42854
115	41025
116	39501
117	40082
118	41626
119	43908
120	47273
121	47981
122	45784
123	42826
124	38643
125	35891
126	36845
127	36635
128	37898
129	41056
130	44645
131	46500
132	49608
133	51097
134	50308
135	49461
136	49376
137	50666
138	56477
139	62074
140	67203
141	67455
142	65383
143	63818
144	65992
145	67638
146	70029
147	73201
148	78354
149	83927
150	91683
151	99856
152	106646
153	114308
154	121846
155	131841
156	141616
157	154137
158	165198
159	176038
160	184488
161	191410
162	201390
163	209150
164	217314
165	227627
166	236554
167	246612
168	255508
169	258944
170	262246
171	266210
172	268834
173	270580
174	273919
175	275779
176	275720
177	278064
178	277858
179	277990
180	276968
181	273456
182	270956
183	266610
184	264110
185	261896
186	258868
187	256002
188	253808
189	249095
190	246184
191	241148
192	238441
193	233390
194	227990
195	224440
196	219461
197	214445
198	209970
199	206340
200	200617
201	196962
202	192024
203	187107
204	182042
205	178120
206	172212
207	167933
208	162793
209	158005
210	153759
211	148870
212	144698
213	140660
214	137564
215	132572
216	128471
217	123402
218	119632
219	115091
220	111187
221	106958
222	102932
223	100050
224	96234
225	93484
226	90336
227	86342
228	82318
229	79993.5
230	76775.5
231	73498.5
232	70913.5
233	67825.5
234	66010.5
235	63771
236	61452.5
237	58767.5
238	56484
239	53975.5
240	52143.5
241	49351.5
242	47997.5
243	46513
244	44710
245	42888
246	41455
247	40002.5
248	38374
249	37548.5
250	35742.5
251	34492.5
252	33115.5
253	31687.5
254	30981
255	29826.5
256	29095.5
257	28030
258	27462
259	26243.5
260	25531.5
261	24826
262	23744
263	22863.5
264	22453
265	22053
266	21252.5
267	21066.5
268	20282.5
269	19729
270	19465
271	18777
272	18538.5
273	18080
274	17786.5
275	17815
276	17207
277	16987
278	16713
279	16495
280	15999
281	15914.5
282	15940.5
283	15906.5
284	15683
285	15612.5
286	15651.5
287	15509.5
288	15662.5
289	15553
290	15295
291	15008.5
292	15146
293	14995
294	15183.5
295	15237
296	15270.5
297	15699
298	15632
299	15372
300	15546
301	15677
302	15467.5
303	16149
304	16066.5
305	15911
306	15911.5
307	16492.5
308	16008.5
309	16332.5
310	16468.5
311	16337
312	16663.5
313	16619.5
314	16767
315	17077.5
316	17007.5
317	17324
318	17211
319	17280
320	17614.5
321	17399
322	17852.5
323	18068.5
324	17629
325	18017
326	18182.5
327	18289
328	18558
329	18816
330	18767
331	18869.5
332	18950.5
333	19035
334	19247
335	19139.5
336	19938.5
337	19769
338	20069
339	20450
340	20233.5
341	20447
342	20812.5
343	20692.5
344	21035.5
345	21312
346	21561.5
347	21685
348	21998.5
349	22251.5
350	22674
351	22631
352	22976.5
353	23101.5
354	23348
355	23591.5
356	23434
357	23888.5
358	23967.5
359	23938.5
360	24534
361	24477
362	24822.5
363	24911.5
364	25138.5
365	25486.5
366	25623.5
367	25173
368	25162
369	25627.5
370	25440.5
371	25648.5
372	25914
373	25158.5
374	25706.5
375	25165
376	25688
377	25296.5
378	24982.5
379	25235
380	24965.5
381	24809
382	24887
383	24445.5
384	24850
385	24664
386	23907.5
387	23828
388	23404.5
389	23461
390	22927.5
391	22858
392	22638
393	22308.5
394	21996
395	21678
396	21669
397	20405.5
398	20441
399	20366
400	19443
401	19664.5
402	19463
403	19392
404	18595.5
405	18377.5
406	17751.5
407	18088
408	17243.5
409	16542.5
410	16846
411	16456.5
412	16027
413	15982
414	15017.5
415	14982.5
416	14843
417	14282.5
418	13492.5
419	13656.5
420	13252.5
421	13061
422	12400.5
423	12318
424	12002.5
425	11485.5
426	11297
427	11163
428	10821.5
429	10701
430	10403
431	9843
432	9579.5
433	9402.5
434	9153
435	9035.5
436	8955.5
437	8720.5
438	8363.5
439	8324
440	8115
441	7993
442	7678
443	7490.5
444	7259
445	7155
446	7018
447	6841
448	6785.5
449	6730
450	6448.5
451	6246
452	6146.5
453	6104
454	6048
455	5773.5
456	5675.5
457	5807
458	5559.5
459	5498
460	5417.5
461	5313
462	5377.5
463	5169
464	5049.5
465	5088
466	4879
467	4902.5
468	4825.5
469	4736
470	4846
471	4769.5
472	4479
473	4623
474	4615
475	4650.5
476	4802
477	4480
478	4536.5
479	4389.5
480	4289
481	4469.5
482	4313.5
483	4313.5
484	4360.5
485	4318
486	4294.5
487	4270
488	4253
489	4430
490	4261.5
491	4214
492	4494
493	4360
494	4423
495	4435.5
496	4217
497	4150
498	4219
499	4132.5
50	151304
500	4176.5
501	4430
502	4081.5
503	4459
504	4268.5
505	4231
506	4164
507	4153.5
508	4151.5
509	4372
51	150041
510	4398.5
511	4193
512	4242
513	4222
514	4365.5
515	4377.5
516	4286
517	4447.5
518	4414.5
519	4260
52	145731
520	4302.5
521	4392.5
522	4289
523	4432.5
524	4310
525	4371
526	4441
527	4293
528	4399.5
529	4370
53	141567
530	4408
531	4456
532	4393
533	4462
534	4557.5
535	4445
536	4232
537	4434.5
538	4504.5
539	4340
54	141910
540	4517
541	4560.5
542	4420.5
543	4564
544	4514
545	4576
546	4531.5
547	4529.5
548	4472
549	4586.5
55	139269
550	4553
551	4540
552	4534
553	4497.5
554	4450.5
555	4598.5
556	4696
557	4380
558	4486
559	4366
56	137238
560	4359.5
561	4513.5
562	4431.5
563	4525.5
564	4482.5
565	4463
566	4334.5
567	4393
568	4430
569	4483.5
57	139327
570	4268.5
571	4346.5
572	4418
573	4187
574	4227
575	4276
576	4200.5
577	4140
578	4097
579	4154.5
58	132570
580	3959
581	4117
582	4095
583	3974
584	3865
585	3948
586	3868.5
587	3809.5
588	3800
589	3629
59	130936
590	3796.5
591	3548
592	3771.5
593	3405
594	3456
595	3283
596	3344
597	3266
598	3236
599	3250.5
60	131422
600	3142
601	3110
602	3144.5
603	3004.5
604	3078
605	2842
606	2743
607	2803.5
608	2799.5
609	2873
61	124475
610	2741.5
611	2737
612	2609
613	2600
614	2537
615	2394
616	2483
617	2433
618	2344.5
619	2255.5
62	121368
620	2238
621	2236
622	2243.5
623	2208
624	2170.5
625	2030
626	1998
627	1910
628	1959.5
629	1938.5
63	119599
630	1878
631	1840
632	1817.5
633	1753
634	1719.5
635	1633
636	1664
637	1679
638	1633
639	1552.5
64	113663
640	1613
641	1475.5
642	1383.5
643	1492
644	1578.5
645	1373
646	1386.5
647	1367.5
648	1346.5
649	1360.5
65	107817
650	1211
651	1281
652	1120.5
653	1226.5
654	1294.5
655	1266
656	1140
657	1166.5
658	1164
659	1066
66	108795
660	1060.5
661	1110
662	1068
663	1100.5
664	1086.5
665	1060
666	1027.5
667	971
668	1011.5
669	975
67	102508
670	914
671	984
672	904
673	954
674	925
675	915
676	875.5
677	881.5
678	926.5
679	841.5
68	101642
680	847.5
681	843.5
682	872
683	872.5
684	824
685	832.5
686	823.5
687	846
688	780
689	848.5
69	104063
690	776.5
691	802.5
692	802.5
693	799.5
694	774
695	792
696	721
697	778
698	759.5
699	713.5
70	100284
700	758
71	94519
72	91132
73	88333
74	85851
75	84522
76	79707
77	75586
78	76642
79	79389
80	76914
81	76762
82	68870
83	63511
84	63644
85	59981
86	57985
87	57386
88	55753
89	58385
90	63375
91	62334
92	58664
93	55019
94	51415
95	50306
96	51204
97	48782
98	49637
99	53101
