100	45338
101	44057
102	40916
103	38430
104	37423
105	37716
106	35785
107	35815
108	38968
109	40396
110	45115
111	47893
112	42511
113	36581
114	34923
115	32689
116	31898
117	33282
118	34610
119	37089
120	41392
121	41207
122	39108
123	36380
124	31313
125	28110
126	28895
127	28234
128	29476
129	33754
130	35234
131	36250
132	39188
133	39673
134	37781
135	36790
136	34697
137	36531
138	41990
139	47471
140	51896
141	52216
142	48698
143	46075
144	46774
145	47438
146	48365
147	50106
148	52091
149	55878
150	61357
151	66738
152	71169
153	74736.5
154	78112
155	82823.5
156	88387
157	95865
158	103232
159	110373
160	115782
161	119960
162	124476
163	130290
164	134401
165	140787
166	145395
167	149629
168	154388
169	156574
170	156378
171	158494
172	157462
173	159504
174	161076
175	160726
176	160941
177	161347
178	159656
179	158558
180	157158
181	153642
182	151250
183	148350
184	147210
185	145048
186	143644
187	140764
188	137748
189	136874
190	133830
191	131182
192	129500
193	126149
194	123172
195	121704
196	118012
197	114345
198	112342
199	109549
200	106924
201	104786
202	101631
203	99901
204	97424
205	93621.5
206	90661.5
207	88377.5
208	85084
209	82045
210	80725
211	78237
212	75665
213	73209
214	70992.5
215	68795.5
216	66738
217	63747.5
218	61972
219	59434.5
220	57327.5
221	55199.5
222	53599.5
223	51394.5
224	49717
225	48369.5
226	45969.5
227	44575
228	42443.5
229	41414
230	38964.5
231	37847.5
232	36306
233	35195.5
234	33782
235	32740
236	31343
237	30128
238	29062
239	27640.5
240	26787.5
241	26078
242	24831
243	24074.5
244	23230
245	21862.5
246	21372.5
247	20770.5
248	19853
249	19231
250	18362
251	17713.5
252	17224
253	16692
254	16310
255	15810
256	15055.5
257	14549.5
258	14288
259	13644
260	13257
261	12860.5
262	12837
263	12329.5
264	11853
265	11627
266	11145
267	10843.5
268	10596
269	10398
270	10230
271	9645
272	9585.5
273	9543.5
274	9287
275	9091.5
276	9019.5
277	8850.5
278	8483
279	8627
280	8449.5
281	8578
282	8387.5
283	8162
284	8182
285	8269
286	8327
287	7805.5
288	8086
289	7899.5
290	7885.5
291	7940.5
292	7736.5
293	7970
294	7952
295	7858.5
296	7884.5
297	7955
298	8075.5
299	8193.5
300	8086.5
301	8000.5
302	8242.5
303	8410.5
304	8333
305	8195.5
306	8320
307	8194.5
308	8403.5
309	8577
310	8581
311	8680.5
312	8708
313	8715.5
314	8821.5
315	9047.5
316	8876
317	8962.5
318	9171.5
319	9198
320	9079.5
321	9218.5
322	9223.5
323	9211
324	9410.5
325	9616
326	9541
327	9673.5
328	9870
329	9743
330	9966
331	10027
332	9946
333	10013.5
334	10269
335	10237.5
336	10509.5
337	10181
338	10964
339	11017
340	11048.5
341	10874
342	10890
343	11128.5
344	11292
345	11467
346	11342.5
347	11644
348	11728
349	11765
350	11966.5
351	12016.5
352	12059
353	12292
354	12286.5
355	12669
356	12612.5
357	12595
358	13074
359	13038.5
360	13118
361	13240
362	13496
363	13392
364	13213
365	13320.5
366	13733
367	13594
368	13610.5
369	13746.5
370	13497.5
371	13846.5
372	13841
373	13862.5
374	13599.5
375	13582
376	13621
377	13635.5
378	13563
379	13442.5
380	13405
381	13317.5
382	13235
383	13397.5
384	12956
385	13189
386	12785
387	12719.5
388	12731.5
389	12465.5
390	12109.5
391	12089.5
392	12190.5
393	11629.5
394	11690
395	11516.5
396	11155.5
397	11076.5
398	10792
399	10790.5
400	10348
401	10209.5
402	10430.5
403	10142
404	9823
405	9496.5
406	9466.5
407	9305.5
408	8935.5
409	8709.5
410	8721.5
411	8392.5
412	8197.5
413	8117.5
414	7738.5
415	7745
416	7639.5
417	7237.5
418	7191.5
419	6808.5
420	6962.5
421	6675
422	6665
423	6371.5
424	6159
425	6169
426	5883
427	5778.5
428	5479.5
429	5477
430	5448
431	5077
432	4900
433	4926.5
434	4787
435	4618.5
436	4708
437	4348
438	4139
439	4196
440	4207.5
441	4002.5
442	4016
443	3796.5
444	3791.5
445	3739.5
446	3656
447	3479
448	3544
449	3300.5
450	3424.5
451	3343
452	3185
453	3260.5
454	3104
455	3101
456	3029
457	2969.5
458	2830.5
459	2911.5
460	2756
461	2772
462	2791.5
463	2772
464	2605
465	2610
466	2744.5
467	2702.5
468	2560.5
469	2579
470	2481
471	2478.5
472	2575.5
473	2474.5
474	2497.5
475	2461
476	2425
477	2434
478	2453
479	2312.5
480	2344
481	2323.5
482	2255
483	2344.5
484	2453
485	2457
486	2296
487	2341.5
488	2285
489	2195
490	2281
491	2380.5
492	2287.5
493	2335.5
494	2276.5
495	2401
496	2370
497	2287
498	2211.5
499	2317.5
50	124458
500	2366.5
501	2364
502	2405.5
503	2238.5
504	2389
505	2336.5
506	2305.5
507	2310.5
508	2306.5
509	2294
51	123631
510	2421.5
511	2366
512	2305
513	2322
514	2237
515	2374.5
516	2323
517	2378.5
518	2371.5
519	2424
52	119704
520	2381.5
521	2402
522	2365
523	2427.5
524	2434
525	2505.5
526	2297
527	2381
528	2432
529	2424
53	116169
530	2394
531	2494.5
532	2537
533	2391.5
534	2443.5
535	2453.5
536	2441
537	2518
538	2509.5
539	2496.5
54	117310
540	2546
541	2544.5
542	2582.5
543	2449.5
544	2457.5
545	2446
546	2595.5
547	2674
548	2572
549	2541
55	114988
550	2471.5
551	2611
552	2656
553	2597
554	2704.5
555	2706.5
556	2548
557	2628
558	2522
559	2525
56	113353
560	2608.5
561	2639.5
562	2645.5
563	2603.5
564	2541
565	2498.5
566	2593.5
567	2640
568	2458.5
569	2643
57	117282
570	2513.5
571	2463
572	2503
573	2528.5
574	2388
575	2539
576	2366.5
577	2382
578	2416.5
579	2443
58	109901
580	2315.5
581	2269
582	2367
583	2225
584	2283.5
585	2161.5
586	2205.5
587	2154
588	2228
589	2121
59	109318
590	2074
591	2073.5
592	2148
593	2048
594	2050
595	1888.5
596	1845
597	1906
598	1922
599	1983.5
60	110479
600	1811
601	1785
602	1811
603	1796
604	1689
605	1738.5
606	1662.5
607	1637.5
608	1607
609	1557.5
61	104482
610	1454.5
611	1571
612	1547
613	1434
614	1433
615	1411
616	1454.5
617	1342
618	1321
619	1302
62	101501
620	1309
621	1268
622	1274.5
623	1179.5
624	1152
625	1143
626	1172.5
627	1071
628	1142
629	1032.5
63	102057
630	1030.5
631	1113.5
632	983
633	931
634	962.5
635	922
636	920
637	897.5
638	888
639	829
64	97048
640	832
641	840
642	794.5
643	841
644	781
645	747
646	773
647	686.5
648	682
649	719
65	90539
650	737.5
651	679.5
652	736
653	715.5
654	657
655	621
656	668
657	727.5
658	657.5
659	648
66	94098
660	595.5
661	623
662	656
663	626
664	560
665	589
666	588
667	503
668	571.5
669	613
67	86800
670	523
671	563
672	520
673	519.5
674	507
675	543
676	574.5
677	511.5
678	486
679	486
68	87332
680	515
681	500.5
682	518
683	456.5
684	470
685	501
686	434
687	420.5
688	504
689	438
69	90066
690	420.5
691	447
692	411
693	435.5
694	437.5
695	449
696	397
697	439.5
698	433
699	369
70	85587
700	456
71	81549
72	79011
73	75881
74	73904
75	74005
76	68814
77	65229
78	67678
79	70483
80	67782
81	68365
82	60343
83	55247
84	56631
85	53289
86	50896
87	50282
88	48138
89	51579
90	56754
91	55644
92	51805
93	48019
94	44759
95	43440
96	45164
97	41612
98	42945
99	47525
