100	47066
101	45967
102	45158
103	44651
104	43945
105	43018
106	42431
107	42268
108	42621
109	44093
110	45619
111	46027
112	44451
113	42160
114	40484
115	39881
116	39422
117	38681
118	39159
119	39965
120	40717
121	40803
122	40994
123	41161
124	41437
125	43229
126	45517
127	48337
128	50346
129	52667
130	54891
131	56616
132	58869
133	60816
134	61011
135	60330
136	61016
137	62301
138	63547
139	64892
140	66763
141	66649
142	69035
143	74257
144	86298
145	102499
146	121718
147	141244
148	160366
149	177256
150	195670
151	209462
152	216634
153	224554
154	231174
155	237970
156	243024
157	247939
158	249901
159	249836
160	250118
161	247331
162	244444
163	243014
164	240975
165	240034
166	238312
167	237656
168	235002
169	230618
170	224408
171	217748
172	212906
173	208344
174	202204
175	198828
176	193380
177	188026
178	182999
179	178488
180	171504
181	165590
182	159316
183	152351
184	147441
185	142578
186	136678
187	133016
188	128132
189	124089
190	119433
191	114784
192	111366
193	107686
194	102406
195	97767.5
196	93560.5
197	90509.5
198	86883
199	83527.5
200	80434.5
201	78272
202	75027
203	72241.5
204	69418
205	65622
206	63224
207	59679.5
208	57937
209	55161
210	54100.5
211	51175
212	49525.5
213	47657.5
214	46372.5
215	44160.5
216	42541
217	40568.5
218	38638
219	37289
220	35739.5
221	34243
222	33197.5
223	32229
224	30720
225	29857.5
226	28257.5
227	27702
228	26528.5
229	25274.5
230	24437
231	23678
232	23002.5
233	22227.5
234	21671
235	21072
236	20335
237	19600.5
238	18932.5
239	18439.5
240	17846.5
241	17175.5
242	16809.5
243	16554
244	15857.5
245	15408.5
246	15518
247	14732
248	14035.5
249	14207.5
250	13505
251	13493.5
252	12846
253	12693
254	12541.5
255	12141
256	11708
257	11762
258	11531.5
259	11078
260	10841.5
261	10687
262	10625.5
263	10230.5
264	10181
265	10045
266	9770
267	9692
268	9616
269	9406
270	9377.5
271	9036
272	8927.5
273	8980
274	8813
275	8786
276	8583
277	8518
278	8657
279	8376
280	8372
281	8498.5
282	8227.5
283	8216
284	8165.5
285	8275.5
286	8155
287	8159
288	8351.5
289	8150
290	8092
291	8137.5
292	8303.5
293	8309
294	8332
295	8583
296	8428
297	8396
298	8782
299	8563
300	8489.5
301	8531
302	8602.5
303	8609
304	8811.5
305	8793
306	8586
307	8624
308	8674
309	8635.5
310	8687
311	8864.5
312	8830.5
313	8679
314	8714
315	8879.5
316	8786.5
317	8715
318	8853
319	8654.5
320	8724.5
321	8735
322	8470
323	8597
324	8769.5
325	8820.5
326	8778.5
327	8708.5
328	8724
329	8678
330	8778.5
331	8675.5
332	8475
333	8731
334	8973.5
335	8728.5
336	8675.5
337	9028.5
338	8809
339	9105.5
340	9203.5
341	9082
342	8992
343	9100
344	9048.5
345	9142
346	9395.5
347	9284
348	9397.5
349	9400
350	9106.5
351	9465
352	9349.5
353	9656
354	9402
355	9410.5
356	9467
357	9627
358	9650.5
359	9754
360	9759.5
361	9488.5
362	9586
363	9663
364	9588.5
365	9556
366	9549
367	9895.5
368	9553.5
369	9394
370	9483.5
371	9479.5
372	9400.5
373	9059
374	9053
375	9068
376	9152.5
377	8934.5
378	8884.5
379	8862.5
380	8617.5
381	8553.5
382	8485
383	8311
384	8413
385	8117.5
386	7910.5
387	8132
388	7814
389	7720.5
390	7782.5
391	7568
392	7390.5
393	7382.5
394	7124
395	7019
396	6984.5
397	6926
398	6653
399	6615.5
400	6337
401	6391
402	6186.5
403	6156
404	6000
405	5800.5
406	5764
407	5819
408	5586.5
409	5451.5
410	5259
411	5237
412	5129
413	5074
414	4877
415	4755.5
416	4588
417	4487
418	4420
419	4400
420	4301.5
421	4293.5
422	4252
423	4150
424	4162.5
425	3987
426	3865.5
427	3826
428	3760.5
429	3537.5
430	3626.5
431	3464
432	3418.5
433	3384
434	3391
435	3204
436	3195
437	3189
438	3294
439	3006
440	3165
441	2892
442	2856.5
443	2981.5
444	2797.5
445	2653.5
446	2604
447	2695.5
448	2655
449	2651
450	2540
451	2505
452	2447
453	2404.5
454	2455.5
455	2485
456	2422
457	2283
458	2393
459	2340.5
460	2278
461	2232
462	2297.5
463	2210
464	2226
465	2185
466	2177.5
467	2183.5
468	2108
469	2104
470	2114.5
471	1975
472	2019.5
473	1961.5
474	2006
475	2001.5
476	1980.5
477	1875.5
478	1976
479	1875.5
480	1965
481	1879
482	1960.5
483	1955.5
484	1903.5
485	1808.5
486	1871
487	1812.5
488	1841
489	1832.5
490	1831.5
491	1866
492	1829
493	1669.5
494	1809
495	1869.5
496	1823
497	1749
498	1814.5
499	1796
50	55137
500	1865
501	1812.5
502	1706
503	1680.5
504	1719
505	1714
506	1665.5
507	1787.5
508	1745.5
509	1763.5
51	56931
510	1632
511	1749
512	1654
513	1689
514	1692.5
515	1689.5
516	1683
517	1647
518	1623
519	1622.5
52	59469
520	1638
521	1723
522	1638.5
523	1664
524	1657
525	1616.5
526	1709
527	1662
528	1619.5
529	1685.5
53	61185
530	1588.5
531	1634
532	1562.5
533	1571
534	1482
535	1606
536	1621
537	1615
538	1682.5
539	1661
54	64275
540	1561.5
541	1488.5
542	1525
543	1587
544	1564.5
545	1634.5
546	1439
547	1489.5
548	1494.5
549	1539.5
55	68101
550	1435
551	1533
552	1484
553	1438
554	1467
555	1453.5
556	1507
557	1448.5
558	1584
559	1497.5
56	70719
560	1469.5
561	1420
562	1505.5
563	1278.5
564	1411
565	1401.5
566	1458
567	1413.5
568	1387
569	1364.5
57	72009
570	1337
571	1330
572	1306.5
573	1282.5
574	1285
575	1310.5
576	1262.5
577	1364
578	1211
579	1238.5
58	72961
580	1184
581	1257
582	1221.5
583	1236
584	1217
585	1210
586	1130
587	1195
588	1103.5
589	1133
59	71947
590	1045
591	1109.5
592	1124.5
593	1021
594	958
595	958
596	976.5
597	952
598	1009.5
599	945
60	71357
600	971
601	936.5
602	891
603	851
604	910
605	888.5
606	893
607	827
608	870
609	826
61	70596
610	827.5
611	750
612	862.5
613	753
614	773
615	731
616	686
617	749.5
618	721
619	684
62	69591
620	777.5
621	615.5
622	649.5
623	633
624	617.5
625	599
626	637
627	589
628	614
629	584
63	68682
630	575.5
631	565
632	540.5
633	570
634	545
635	513
636	534
637	528
638	504.5
639	532
64	65700
640	468.5
641	505.5
642	459
643	443
644	461
645	415
646	390
647	424
648	430.5
649	446.5
65	63962
650	432
651	446
652	417
653	373
654	403
655	391.5
656	338
657	387.5
658	386
659	348.5
66	62896
660	377
661	349
662	395.5
663	358
664	354
665	332
666	330
667	378
668	364
669	317
67	62291
670	335.5
671	280
672	293
673	260.5
674	302
675	272
676	334
677	313
678	269.5
679	258
68	61312
680	299
681	283.5
682	265
683	230.5
684	223
685	288.5
686	269
687	244.5
688	255
689	254
69	62110
690	214
691	213
692	255
693	212.5
694	252
695	265
696	250
697	218
698	218
699	213
70	61912
700	210
71	59437
72	57689
73	56083
74	54788
75	53126
76	51991
77	51198
78	51053
79	51613
80	51730
81	49182
82	47259
83	45541
84	44998
85	44673
86	44065
87	44066
88	44752
89	47325
90	50078
91	50229
92	49160
93	48140
94	46716
95	45974
96	45216
97	44464
98	44807
99	46206
