100	17355
101	17095
102	16689
103	16724
104	16443
105	16386
106	15607
107	15024
108	14437
109	14338
110	14165
111	14204
112	13803
113	13548
114	13042
115	12650
116	12270
117	11595
118	11139
119	11025
120	10831
121	10506
122	10351
123	10473
124	10462
125	10487
126	11050
127	11892
128	12727
129	13541
130	14559
131	16203
132	17339
133	19338
134	20693
135	21601
136	23130
137	24349
138	25917
139	27115
140	28261
141	29615
142	33314
143	39185
144	50231
145	65374
146	84027
147	105162
148	126835
149	147401
150	169753
151	188373
152	203249
153	218046
154	232102
155	247177
156	261598
157	274072
158	283197
159	293931
160	301628
161	309200
162	316126
163	322839
164	329882
165	340256
166	349092
167	357088
168	365012
169	368646
170	367310
171	368474
172	366121
173	364250
174	362267
175	360963
176	359525
177	358672
178	356130
179	352167
180	345270
181	339632
182	330276
183	320804
184	311313
185	305372
186	296847
187	291216
188	283594
189	276746
190	270091
191	260447
192	251367
193	241104
194	231260
195	221873
196	212822
197	204398
198	196888
199	190564
200	182885
201	175941
202	168748
203	159298
204	151598
205	143500
206	135082
207	128385
208	122113
209	116360
210	111779
211	106273
212	101212
213	96374
214	90742.5
215	85608.5
216	80066
217	75845.5
218	71313
219	67372.5
220	63567.5
221	60625
222	57526.5
223	54298
224	51544.5
225	48247.5
226	45381
227	42425
228	40056.5
229	37488.5
230	35342
231	33475.5
232	31677.5
233	29817.5
234	28283
235	27112
236	25190.5
237	23835
238	22455
239	20660.5
240	19805.5
241	18518
242	17457.5
243	17035
244	15940.5
245	15192.5
246	14371
247	13530
248	12638.5
249	11853
250	11390
251	10873
252	10326.5
253	9539
254	9200.5
255	8796.5
256	8395.5
257	7968
258	7581
259	7337.5
260	6880
261	6558.5
262	6156
263	5946
264	5711
265	5381.5
266	5165
267	4982
268	4811.5
269	4663.5
270	4493
271	4218
272	3914
273	4019
274	3964
275	3747
276	3732.5
277	3555.5
278	3491
279	3318.5
280	3369
281	3242.5
282	3190
283	3009
284	3098
285	3054
286	3096
287	2923.5
288	2930
289	2833.5
290	2959
291	3011.5
292	2965.5
293	2995.5
294	2857.5
295	3077
296	3195.5
297	3058
298	3180
299	3216
300	3312
301	3308
302	3308
303	3582
304	3592
305	3703
306	3751
307	3868.5
308	4029
309	3985.5
310	4096
311	4209
312	4415
313	4460
314	4532.5
315	4682
316	4875.5
317	5037
318	5095
319	5214
320	5317.5
321	5336.5
322	5754
323	5593.5
324	5839
325	6039
326	6199.5
327	6445
328	6531
329	6860.5
330	6860.5
331	7067.5
332	7217.5
333	7574
334	7743
335	7839.5
336	8146
337	8305.5
338	8856
339	9018.5
340	9472
341	9465
342	9683
343	10155.5
344	10373
345	10514.5
346	10965.5
347	11018.5
348	11662.5
349	11876
350	12037
351	12438.5
352	12716.5
353	12608
354	13106.5
355	13108
356	13647.5
357	13745.5
358	14106.5
359	14597.5
360	14487
361	14689.5
362	14672.5
363	15017
364	14926
365	15468.5
366	15183
367	15584
368	15624
369	15680
370	15738
371	15638
372	16108
373	15876
374	15768.5
375	15864.5
376	15653.5
377	15520.5
378	15399.5
379	15677
380	15309.5
381	15350
382	15204.5
383	15085.5
384	15096
385	14863.5
386	14563
387	14480
388	13846
389	13902.5
390	13732
391	13534.5
392	13254
393	13092.5
394	12646
395	12554
396	12186.5
397	11923
398	11653.5
399	11525
400	11161
401	10683
402	10599
403	10609.5
404	9925
405	9600
406	9584
407	9155.5
408	8651.5
409	8551.5
410	8394.5
411	8059.5
412	7917.5
413	7691
414	7441
415	7178
416	6954.5
417	6585
418	6406
419	6301.5
420	5827
421	5617.5
422	5561.5
423	5416
424	5132
425	4913
426	4793
427	4596
428	4465.5
429	4161.5
430	4176
431	4009.5
432	3758.5
433	3687.5
434	3538.5
435	3368.5
436	3288
437	3070.5
438	3070
439	2872.5
440	2859.5
441	2647
442	2577.5
443	2471
444	2406
445	2390
446	2257
447	2143.5
448	2078
449	2065
450	1884
451	1709.5
452	1783
453	1719.5
454	1712
455	1588
456	1520
457	1605
458	1473
459	1380
460	1337
461	1368
462	1328
463	1341.5
464	1236
465	1272
466	1224
467	1166
468	1199
469	1167
470	1032
471	1092
472	1093
473	1051
474	998.5
475	1092.5
476	1073
477	1041.5
478	934.5
479	1090
480	1007
481	952.5
482	952
483	1035
484	1023
485	1030.5
486	1045
487	1045.5
488	979
489	1035
490	952
491	969
492	1040
493	1071
494	1058
495	1055.5
496	1094
497	1050
498	923
499	1150.5
50	59271
500	1039.5
501	1083.5
502	1136.5
503	1105
504	1134
505	1187
506	1046
507	1146
508	1216
509	1233
51	61291
510	1217
511	1180
512	1155
513	1216.5
514	1184
515	1338
516	1317.5
517	1239
518	1335
519	1365
52	62308
520	1280.5
521	1333
522	1382
523	1467.5
524	1405.5
525	1317
526	1483
527	1493
528	1441
529	1484.5
53	63817
530	1491
531	1527
532	1502
533	1644.5
534	1616
535	1648
536	1562.5
537	1662.5
538	1764
539	1681.5
54	66232
540	1700
541	1691
542	1778
543	1781.5
544	1784.5
545	1807.5
546	1860
547	1776.5
548	1824
549	1859
55	69059
550	1788
551	1861
552	1879.5
553	1896
554	1881
555	2081.5
556	1941
557	1948.5
558	2018
559	1868.5
56	69817
560	1986
561	1973.5
562	2066
563	2029
564	2047
565	1997
566	1928
567	1923.5
568	2000
569	1947
57	69582
570	1986
571	1904.5
572	1890
573	1980.5
574	1835
575	1885
576	1952
577	1978.5
578	1903.5
579	1822
58	67868
580	1921.5
581	1938
582	1733
583	1801.5
584	1699
585	1763.5
586	1790
587	1739
588	1658
589	1675.5
59	65969
590	1659.5
591	1539
592	1613
593	1555
594	1462
595	1449.5
596	1582
597	1437
598	1503
599	1427
60	64432
600	1461
601	1341
602	1304
603	1317
604	1281.5
605	1205
606	1221
607	1192
608	1185
609	1079.5
61	63337
610	1204
611	1138
612	1101
613	1067.5
614	952.5
615	1023
616	998
617	963
618	841.5
619	1008
62	61153
620	870
621	817
622	834.5
623	819
624	758.5
625	828.5
626	686
627	705
628	710
629	638
63	58752
630	615
631	586
632	631.5
633	614
634	587
635	578
636	537
637	518
638	608
639	496
64	55795
640	447
641	490.5
642	456
643	423
644	470.5
645	445.5
646	439
647	391
648	411
649	388
65	53034
650	356
651	391
652	381
653	354
654	322.5
655	347.5
656	339.5
657	323.5
658	333
659	333
66	50538
660	278
661	279
662	280
663	278
664	299
665	266
666	271
667	282
668	280
669	240
67	48465
670	251
671	259.5
672	231.5
673	229
674	241.5
675	197
676	232
677	236
678	206
679	226.5
68	45693
680	222.5
681	172
682	224
683	193.5
684	190
685	198
686	220
687	208
688	226
689	202
69	44319
690	211
691	176
692	188
693	210
694	171
695	216
696	223
697	214.5
698	173
699	207
70	42168
700	202
71	40288
72	38053
73	36289
74	33869
75	31966
76	29912
77	27750
78	26254
79	24798
80	23211
81	21807
82	20673
83	19483
84	18852
85	17756
86	17518
87	17531
88	17837
89	19230
90	20517
91	20909
92	21362
93	21617
94	21510
95	20897
96	19958
97	18558
98	18116
99	17910
