100	17378
101	16688
102	15248
103	14209
104	13636
105	13367
106	12777
107	13506
108	15042
109	18354
110	22414
111	23691
112	20971
113	17481
114	15839
115	15696
116	15761
117	16462
118	18603
119	21822
120	25076
121	26373
122	25468
123	22438
124	19068
125	17102
126	17182
127	17691
128	19024
129	21370
130	23840
131	25638
132	28044
133	29387
134	27681
135	25837
136	25081
137	26509
138	30967
139	39295
140	44893
141	45397
142	41985
143	39390
144	39971
145	39969
146	40402
147	39548
148	40972
149	43600
150	47362
151	51601
152	54894
153	57168
154	58758.5
155	62633.5
156	65575.5
157	71120.5
158	78380.5
159	86308
160	94414.5
161	100570
162	108558
163	117366
164	125592
165	133024
166	138327
167	142561
168	144728
169	143898
170	145126
171	145054
172	144790
173	146340
174	145364
175	146839
176	146474
177	144716
178	137772
179	133586
180	128831
181	124832
182	120280
183	116472
184	112352
185	109054
186	107138
187	104328
188	100938
189	98234
190	95404
191	93564
192	90575
193	87930
194	84489.5
195	81351
196	79004
197	77102
198	74713
199	72248
200	69080
201	66902.5
202	65059
203	62578.5
204	60021.5
205	57545.5
206	55237.5
207	53982.5
208	51539
209	49901
210	47516.5
211	46363.5
212	44827.5
213	43195.5
214	41242.5
215	40200
216	37846
217	36502
218	35190
219	33987.5
220	32347.5
221	30947.5
222	30353
223	28987
224	27990.5
225	26887.5
226	25295
227	24878
228	23661.5
229	23329
230	21971
231	21404.5
232	20690
233	19503.5
234	19140
235	18344.5
236	18103.5
237	17363
238	16650.5
239	16218.5
240	15832.5
241	15500.5
242	14719.5
243	14437
244	14202.5
245	13514.5
246	12835.5
247	13083.5
248	12461
249	12029.5
250	11723
251	11893
252	11594.5
253	11404
254	11242.5
255	10885
256	10780.5
257	10455
258	10359.5
259	10137
260	10037
261	9813
262	9806
263	9669.5
264	9648.5
265	9577
266	9255
267	9344
268	8968.5
269	8920.5
270	9057.5
271	9032.5
272	8780.5
273	8854
274	8658.5
275	8824.5
276	8658.5
277	8724
278	8600
279	8703.5
280	8466.5
281	8460
282	8520.5
283	8556
284	8438
285	8547.5
286	8305
287	8488.5
288	8540.5
289	8404.5
290	8556
291	8401
292	8415.5
293	8562.5
294	8357
295	8578.5
296	8422.5
297	8390
298	8462
299	8533
300	8505.5
301	8580
302	8307.5
303	8665.5
304	8519
305	8614.5
306	8650
307	8698.5
308	8654.5
309	8699
310	8661.5
311	8458.5
312	8536.5
313	8719
314	8850
315	8782
316	8548.5
317	8822
318	8705.5
319	8753.5
320	8659.5
321	8799
322	8739
323	9118
324	8765
325	9345
326	9226
327	9370
328	9250.5
329	9261.5
330	9535
331	9299.5
332	9623
333	9425
334	9775.5
335	9823.5
336	10204.5
337	10302.5
338	10526.5
339	10374.5
340	10657
341	10532
342	10780
343	11018
344	11285
345	11560.5
346	11453
347	12039.5
348	12538.5
349	12572
350	12994
351	13193.5
352	13092
353	13348
354	13691.5
355	14039.5
356	14008
357	14221.5
358	14588.5
359	14729.5
360	15182
361	14642.5
362	14895
363	14971.5
364	14913.5
365	15136
366	15485
367	15341.5
368	15555.5
369	15370
370	15882.5
371	15452.5
372	15505.5
373	15526
374	15548.5
375	15327.5
376	15183
377	15252
378	15057
379	15131
380	15088.5
381	14937
382	14662.5
383	14490
384	14508.5
385	14023
386	13798
387	13522.5
388	13293.5
389	13178
390	12769.5
391	12657.5
392	12390.5
393	12190
394	12060.5
395	11667.5
396	11407
397	11133
398	10952.5
399	10817.5
400	10356
401	10293
402	10066
403	9671
404	9357.5
405	9123
406	8836.5
407	8738
408	8504.5
409	8038.5
410	8054.5
411	7599
412	7679
413	7497
414	7174.5
415	7071
416	6699.5
417	6581.5
418	6359
419	6152.5
420	6021
421	5783.5
422	5705.5
423	5262.5
424	5246.5
425	5082.5
426	5048.5
427	4875.5
428	4690.5
429	4633
430	4640
431	4339
432	4099
433	4138.5
434	3985.5
435	4053.5
436	3934
437	3663
438	3707.5
439	3511.5
440	3323
441	3334.5
442	3226.5
443	3248
444	3132
445	3062.5
446	3013.5
447	2885.5
448	2742
449	2924
450	2787.5
451	2734
452	2733
453	2593.5
454	2550
455	2529.5
456	2427.5
457	2342
458	2223.5
459	2316
460	2302
461	2265
462	2360.5
463	2157
464	2307
465	2164
466	2171
467	2205
468	2069
469	2093
470	2167
471	2104
472	2108.5
473	2175
474	2037
475	2099
476	1944
477	1972.5
478	1936.5
479	1984
480	1956.5
481	1963.5
482	1916
483	1938
484	2008
485	1895.5
486	1961
487	2063.5
488	2065
489	1945
490	2034.5
491	1863.5
492	1992
493	1886
494	1960
495	2004.5
496	1977
497	1948
498	1920
499	2000.5
50	7744
500	2040
501	1862.5
502	1966.5
503	2101.5
504	1936
505	1964
506	2090.5
507	2050.5
508	1955
509	1923.5
51	7452
510	2051.5
511	2005.5
512	2040.5
513	2027
514	2030.5
515	1986
516	2032
517	2166
518	2101.5
519	2248
52	7324
520	2204
521	2118
522	2144.5
523	2185
524	2267
525	2205
526	2259
527	2300
528	2277.5
529	2391.5
53	7450
530	2338
531	2405.5
532	2335
533	2556
534	2440.5
535	2448.5
536	2479
537	2430
538	2555.5
539	2640
54	7529
540	2607
541	2659
542	2648
543	2640.5
544	2732.5
545	2663
546	2585.5
547	2709.5
548	2644.5
549	2775
55	8038
550	2748
551	2842
552	2735
553	2762
554	2821
555	2802.5
556	2783.5
557	2772
558	2804
559	2762
56	8647
560	2726
561	2567.5
562	2663.5
563	2776
564	2696.5
565	2826
566	2692
567	2817
568	2554
569	2802.5
57	9150
570	2577.5
571	2700.5
572	2620.5
573	2685
574	2520.5
575	2636.5
576	2498.5
577	2368.5
578	2396
579	2424
58	9875
580	2440.5
581	2359.5
582	2295
583	2313.5
584	2281
585	2225.5
586	2134.5
587	2095
588	2098
589	1979.5
59	10021
590	2032.5
591	1916
592	2014
593	1885.5
594	1811.5
595	1891
596	1843
597	1788
598	1698.5
599	1773
60	9695
600	1706
601	1586.5
602	1509
603	1561
604	1486.5
605	1496.5
606	1380
607	1413
608	1298.5
609	1306.5
61	9569
610	1330.5
611	1210
612	1226
613	1121.5
614	1055.5
615	1118.5
616	1130.5
617	1053
618	999.5
619	982
62	9315
620	919.5
621	925
622	972
623	866.5
624	880.5
625	853.5
626	860.5
627	736.5
628	824
629	785
63	9252
630	770
631	736.5
632	693
633	721
634	724
635	654
636	540
637	631
638	590
639	525
64	9060
640	561.5
641	568
642	545.5
643	559
644	545
645	525
646	482
647	442.5
648	475
649	502
65	9069
650	481
651	419
652	422
653	403
654	402
655	434
656	426.5
657	440
658	399
659	359.5
66	9204
660	369.5
661	415
662	403
663	350
664	353
665	344.5
666	394
667	365
668	319.5
669	319
67	9520
670	358
671	349
672	371.5
673	362.5
674	343
675	308
676	316.5
677	359.5
678	272.5
679	295
68	10132
680	303
681	285
682	293
683	290
684	283
685	309
686	239
687	285
688	319
689	307.5
69	11796
690	270
691	276
692	281
693	302
694	283
695	287.5
696	284
697	279
698	260.5
699	291
70	12345
700	259.5
71	10778
72	9892
73	9772
74	9650
75	9780
76	9833
77	10313
78	12259
79	15221
80	16048
81	13976
82	11748
83	10350
84	10140
85	10333
86	10263
87	10675
88	11117
89	13445
90	16845
91	17423
92	14945
93	12384
94	11325
95	11180
96	11373
97	12555
98	14419
99	16757
