100	25848
101	25019
102	24608
103	23735
104	23184
105	23110
106	22419
107	21931
108	22028
109	21138
110	21170
111	21266
112	20631
113	19782
114	19381
115	18978
116	18205
117	18334
118	17831
119	17544
120	17293
121	17321
122	16596
123	16539
124	15838
125	15681
126	15927
127	15840
128	15975
129	15956
130	16291
131	17078
132	17657
133	18168
134	18545
135	19037
136	19447
137	19896
138	20823
139	20908
140	21221
141	22037
142	22233
143	22932
144	24140
145	25372
146	27334
147	29571
148	31697
149	34793
150	37646
151	41255
152	44670
153	48358
154	53057
155	57402.5
156	62424.5
157	66801
158	71103.5
159	76032.5
160	79696
161	83739
162	88198
163	92301
164	96476
165	101264
166	106256
167	110258
168	114260
169	117619
170	120087
171	122912
172	124592
173	126760
174	128158
175	129420
176	131360
177	132658
178	133613
179	134002
180	134509
181	135499
182	134992
183	133510
184	133392
185	131985
186	131340
187	129832
188	128530
189	127045
190	126551
191	124970
192	122575
193	121088
194	118636
195	117046
196	114207
197	111439
198	109138
199	106982
200	103819
201	101418
202	99868.5
203	97251
204	94046
205	91280
206	88341
207	85341.5
208	83297.5
209	80476
210	77992.5
211	75133
212	72734
213	70373.5
214	68567
215	65867.5
216	63191.5
217	61681.5
218	58426.5
219	55916.5
220	53850
221	51610
222	49719
223	47711.5
224	46119
225	43745.5
226	42105.5
227	40434.5
228	38476
229	36875.5
230	35328
231	34095.5
232	32186.5
233	30691.5
234	29752.5
235	28506.5
236	26879
237	25945.5
238	24575.5
239	23367.5
240	22395
241	21384
242	20380
243	19509
244	18794.5
245	18035
246	17192
247	16657.5
248	15597.5
249	14961
250	14310.5
251	14103
252	13415
253	12748.5
254	12238
255	11747.5
256	11340.5
257	10835
258	10540
259	10248.5
260	9667
261	9508
262	9036.5
263	8729.5
264	8797
265	8372.5
266	8025
267	7856
268	7608
269	7561
270	7242
271	7073
272	7018
273	6771.5
274	6798
275	6593
276	6334.5
277	6394
278	6212
279	6044
280	6109
281	6003.5
282	5789
283	5870.5
284	5774.5
285	5962
286	5963.5
287	5900
288	5822
289	5845
290	5697.5
291	5673
292	5718.5
293	5685.5
294	5902
295	5965
296	5818.5
297	5918.5
298	5799
299	5944
300	5989.5
301	5838
302	5924.5
303	6064.5
304	6038.5
305	6033.5
306	6250
307	6279.5
308	6316.5
309	6498.5
310	6393
311	6497.5
312	6341
313	6731.5
314	6554
315	6640
316	6951.5
317	6865
318	6808.5
319	6995
320	6900.5
321	7013.5
322	7076.5
323	7108.5
324	7172.5
325	7569.5
326	7466.5
327	7466
328	7545.5
329	7702
330	7668.5
331	7960
332	7849
333	7817
334	8199
335	8028.5
336	8198
337	8220
338	8381.5
339	8411
340	8541.5
341	8794.5
342	8925
343	8948
344	8909
345	8899
346	9238.5
347	9363.5
348	9393.5
349	9429.5
350	9528.5
351	9611.5
352	9712.5
353	9464.5
354	9975
355	10342
356	10315.5
357	10089.5
358	10170.5
359	10564
360	10637.5
361	10635
362	10573
363	10656.5
364	10605.5
365	10743.5
366	11285.5
367	11104.5
368	11044
369	11011.5
370	11125
371	10966
372	11220
373	11135.5
374	11019
375	11119.5
376	10836.5
377	11061
378	11042.5
379	10751
380	10993
381	10929
382	10845
383	10913.5
384	10563.5
385	10388
386	10738
387	10317.5
388	10136
389	10245
390	9944
391	9928
392	9957
393	9506.5
394	9500.5
395	9496.5
396	9461.5
397	9201
398	8879
399	8780
400	8514
401	8529.5
402	8469
403	8178.5
404	7855
405	7784.5
406	7607
407	7458
408	7298.5
409	7147
410	6855.5
411	6765.5
412	6531.5
413	6346.5
414	6171
415	6041
416	5878
417	5766.5
418	5719.5
419	5548.5
420	5245.5
421	5139.5
422	5144
423	4804
424	4796
425	4609
426	4468
427	4363.5
428	4175.5
429	4100
430	4167
431	4065.5
432	3932
433	3572
434	3620.5
435	3602
436	3368
437	3390
438	3267.5
439	3237
440	3065
441	3059
442	2849.5
443	2843
444	2964.5
445	2637
446	2569.5
447	2622
448	2430
449	2462
450	2396.5
451	2337
452	2342
453	2300.5
454	2161
455	2249.5
456	2223
457	2108.5
458	2124.5
459	2047
460	1980
461	1979.5
462	2006
463	1868.5
464	1905.5
465	1847
466	1804
467	1881
468	1783
469	1861
470	1803
471	1716.5
472	1668.5
473	1784
474	1839
475	1739
476	1747
477	1716
478	1742
479	1609
480	1689.5
481	1686
482	1733
483	1646
484	1722
485	1647.5
486	1705.5
487	1623
488	1588
489	1653
490	1639.5
491	1636
492	1690
493	1604.5
494	1695
495	1712
496	1721.5
497	1600
498	1599.5
499	1837.5
50	107964
500	1687
501	1714
502	1641
503	1718.5
504	1751
505	1688.5
506	1706.5
507	1699.5
508	1659
509	1758.5
51	108411
510	1708
511	1731
512	1693
513	1619.5
514	1632.5
515	1712.5
516	1726.5
517	1683
518	1830.5
519	1732
52	105269
520	1726
521	1702
522	1735
523	1739
524	1730.5
525	1717
526	1757.5
527	1690
528	1762
529	1734.5
53	102490
530	1687
531	1751
532	1827
533	1729
534	1769
535	1749.5
536	1723
537	1800.5
538	1739
539	1892
54	102011
540	1758
541	1735
542	1735
543	1824
544	1804.5
545	1777
546	1890
547	1821.5
548	1774.5
549	1879
55	100723
550	1818
551	1821.5
552	1809.5
553	1725.5
554	1847
555	1812
556	1793
557	1754
558	1744.5
559	1776
56	99113
560	1761.5
561	1725
562	1681
563	1757
564	1803
565	1801.5
566	1752.5
567	1754.5
568	1783.5
569	1773.5
57	99726
570	1768.5
571	1728
572	1695
573	1705.5
574	1699
575	1630
576	1683
577	1682
578	1680
579	1608.5
58	95919
580	1639
581	1550.5
582	1644
583	1497
584	1589
585	1543
586	1551
587	1432
588	1460
589	1560.5
59	94389
590	1534.5
591	1493
592	1429.5
593	1367
594	1377
595	1382.5
596	1460
597	1335
598	1283
599	1308
60	93460
600	1251
601	1241
602	1227.5
603	1132.5
604	1231.5
605	1088.5
606	1183.5
607	1102
608	1007
609	1098.5
61	89678
610	1024.5
611	1024.5
612	1007
613	1066.5
614	912.5
615	1033.5
616	955
617	917
618	876
619	935.5
62	86540
620	844
621	867
622	772.5
623	805
624	798
625	820
626	749
627	782
628	769.5
629	687
63	85649
630	736.5
631	688.5
632	683
633	690
634	633
635	560
636	604
637	614
638	601.5
639	589.5
64	82554
640	575.5
641	551
642	558.5
643	534
644	539
645	464
646	544
647	500.5
648	525
649	458
65	77597
650	469
651	484
652	448
653	433
654	435.5
655	460
656	474
657	374
658	436
659	438
66	77182
660	365
661	391
662	358
663	416.5
664	374
665	394.5
666	305
667	342.5
668	352.5
669	343.5
67	73399
670	303
671	367
672	392
673	378
674	302
675	339
676	347.5
677	285
678	305
679	315.5
68	71468
680	341.5
681	298
682	336
683	298.5
684	278
685	311.5
686	279.5
687	322.5
688	293
689	283
69	69915
690	273
691	265
692	286
693	272
694	276
695	290
696	261
697	283
698	263.5
699	248
70	66588
700	293
71	64888
72	62881
73	60392
74	58237
75	56741
76	54119
77	51561
78	50025
79	47878
80	45983
81	45917
82	42927
83	40839
84	40543
85	38892
86	37273
87	35954
88	35104
89	34285
90	34383
91	32971
92	32277
93	31339
94	29939
95	29648
96	29058
97	27459
98	26782
99	26827
