100	15709
101	15886
102	15393
103	15416
104	15271
105	15252
106	14825
107	14645
108	14424
109	14008
110	14060
111	14114
112	13741
113	13587
114	13313
115	13260
116	12828
117	12647
118	12462
119	12303
120	12374
121	12767
122	13331
123	14284
124	15550
125	17700
126	19387
127	20805
128	21603
129	21574
130	21821
131	22444
132	24016
133	25136
134	26158
135	27160
136	28294
137	29437
138	30372
139	31342
140	31606
141	33606
142	37132
143	46777
144	62699
145	82754
146	102781
147	122096
148	135460
149	144257
150	150976
151	153722
152	152316
153	151426
154	152576
155	153633
156	154688
157	156013
158	157346
159	158134
160	158560
161	158756
162	159856
163	160754
164	162656
165	166772
166	169138
167	171710
168	174204
169	176152
170	174893
171	174439
172	173175
173	172320
174	171686
175	171296
176	169486
177	168547
178	166876
179	165028
180	163743
181	159686
182	156958
183	153288
184	149590
185	145925
186	142340
187	138107
188	135074
189	132130
190	128623
191	125743
192	121698
193	117894
194	114065
195	109344
196	105638
197	100922
198	97529.5
199	93918
200	90613.5
201	87617
202	84562.5
203	80828.5
204	78235.5
205	74828.5
206	71286
207	67745.5
208	65012
209	61648.5
210	59809
211	57214
212	55240
213	53082
214	50672.5
215	48832.5
216	46403
217	44496
218	41787.5
219	39626
220	37172
221	35803.5
222	34206.5
223	33471
224	31460.5
225	30485
226	28982.5
227	27700
228	26073
229	24842
230	23470
231	22338.5
232	21631
233	20165.5
234	19723.5
235	18986
236	18081.5
237	17454
238	16713
239	15647.5
240	15065.5
241	14519.5
242	13710.5
243	13161
244	12573.5
245	11842
246	11832.5
247	11346.5
248	10552.5
249	10414
250	9834.5
251	9386.5
252	9035.5
253	8622
254	8398
255	8167
256	7861.5
257	7597
258	7064.5
259	7041.5
260	6941.5
261	6379.5
262	6226.5
263	6082.5
264	6019.5
265	5815
266	5470
267	5517.5
268	5425
269	5262
270	5125.5
271	5055.5
272	4942.5
273	4821
274	4783.5
275	4673.5
276	4536
277	4573
278	4518.5
279	4475.5
280	4247
281	4260
282	4404
283	4414
284	4323.5
285	4459
286	4481.5
287	4546
288	4486
289	4570
290	4460
291	4629
292	4631
293	4585
294	4810
295	4980
296	4880.5
297	5023
298	5137
299	5300
300	5284.5
301	5139
302	5322.5
303	5318
304	5399
305	5533
306	5494
307	5582
308	5620.5
309	5982
310	5938
311	5763
312	5934.5
313	6069
314	6116.5
315	6135
316	6266
317	6343.5
318	6518.5
319	6499.5
320	6310
321	6791
322	6777
323	6743
324	7016.5
325	7034
326	6915
327	7021.5
328	7380
329	7392
330	7391
331	7447.5
332	7596.5
333	7763.5
334	7729
335	7928
336	8019
337	8259
338	8374.5
339	8496
340	8771
341	8785
342	8709
343	8894
344	9084.5
345	9188.5
346	9513
347	9572
348	9549.5
349	9996
350	9825
351	10102.5
352	10393
353	10286.5
354	10225
355	10608.5
356	10688.5
357	10986.5
358	11014.5
359	10732.5
360	10730
361	10901.5
362	11133.5
363	11009
364	11141.5
365	11139.5
366	11163
367	10828
368	11070
369	11150
370	11018
371	11231
372	10954.5
373	11111.5
374	10923.5
375	10825
376	10507
377	10888
378	10600.5
379	10511.5
380	10269
381	10128.5
382	10055
383	9973
384	9911
385	9673.5
386	9728
387	9370.5
388	9271
389	9153.5
390	8986.5
391	8733
392	8564.5
393	8429
394	8660
395	8172.5
396	7934
397	7837.5
398	7730
399	7399
400	7217.5
401	7228
402	6931.5
403	6490
404	6750.5
405	6276
406	6064.5
407	6063.5
408	5903
409	5623
410	5541.5
411	5252
412	5074.5
413	4868
414	4792.5
415	4883.5
416	4626
417	4473.5
418	4418
419	4160.5
420	4098.5
421	4036.5
422	3742
423	3607.5
424	3471
425	3540.5
426	3291.5
427	3247
428	3257.5
429	2931.5
430	2995.5
431	2883.5
432	2787
433	2688
434	2681.5
435	2559.5
436	2477
437	2501
438	2390
439	2238
440	2198
441	2141.5
442	1984
443	2091.5
444	2059
445	1956
446	1940.5
447	1822
448	1919
449	1878
450	1844
451	1766.5
452	1668
453	1638
454	1619
455	1587
456	1444
457	1473
458	1510
459	1472.5
460	1345
461	1557
462	1428
463	1388.5
464	1423
465	1418
466	1411.5
467	1326
468	1401.5
469	1356.5
470	1365
471	1389
472	1402.5
473	1325
474	1218
475	1281.5
476	1312
477	1172
478	1239
479	1246
480	1283.5
481	1175
482	1229.5
483	1304
484	1237.5
485	1211.5
486	1254
487	1271.5
488	1199
489	1251.5
490	1295.5
491	1335
492	1298
493	1261
494	1275.5
495	1253
496	1333.5
497	1376
498	1365
499	1276
50	48634
500	1335
501	1398
502	1379
503	1391
504	1331
505	1400
506	1373
507	1362.5
508	1404
509	1418
51	51563
510	1399
511	1482
512	1399.5
513	1414
514	1456
515	1447.5
516	1388
517	1551
518	1493.5
519	1465.5
52	54306
520	1510
521	1498.5
522	1514.5
523	1543
524	1629
525	1603.5
526	1568
527	1588
528	1488
529	1680
53	56578
530	1654
531	1707.5
532	1673.5
533	1738
534	1688
535	1671.5
536	1657
537	1746
538	1764.5
539	1738.5
54	59428
540	1694
541	1683
542	1776.5
543	1654
544	1821
545	1808
546	1756
547	1709
548	1749
549	1870
55	62711
550	1733
551	1713.5
552	1880.5
553	1824
554	1724
555	1866
556	1698.5
557	1830
558	1731.5
559	1791
56	62838
560	1823
561	1797
562	1754.5
563	1737
564	1798
565	1733.5
566	1717
567	1811.5
568	1724.5
569	1768.5
57	61331
570	1785.5
571	1600
572	1653.5
573	1726.5
574	1667
575	1574.5
576	1630
577	1523
578	1618
579	1547
58	59122
580	1520
581	1469
582	1515
583	1428.5
584	1388
585	1430.5
586	1410
587	1318.5
588	1361.5
589	1327
59	55333
590	1347.5
591	1301.5
592	1274
593	1259
594	1255.5
595	1184.5
596	1172
597	1176.5
598	1130.5
599	1102.5
60	53286
600	1107
601	1032
602	1034
603	1001.5
604	1010
605	977
606	970
607	936.5
608	874
609	798
61	50246
610	864
611	899
612	918.5
613	855
614	735
615	779
616	782.5
617	764.5
618	745
619	725.5
62	47438
620	702
621	665
622	697
623	650.5
624	658
625	657.5
626	620
627	594
628	573
629	576
63	45056
630	615
631	508
632	525
633	477.5
634	516
635	475
636	527.5
637	515
638	439
639	473
64	42435
640	457.5
641	469
642	395
643	398
644	388
645	436
646	370
647	393
648	350
649	370
65	40427
650	401
651	402
652	389.5
653	374
654	354
655	359
656	313
657	341
658	366
659	337.5
66	38527
660	336
661	361
662	309
663	282
664	332.5
665	329.5
666	339
667	289.5
668	323
669	312
67	36715
670	275
671	256
672	285
673	295
674	282
675	283
676	281.5
677	275
678	285.5
679	266.5
68	35844
680	293
681	258
682	250
683	273
684	278
685	223
686	284
687	238.5
688	248
689	232
69	34554
690	272
691	261
692	269.5
693	255
694	258
695	264
696	232
697	236
698	281
699	259
70	33402
700	233
71	31984
72	31160
73	30058
74	29363
75	27681
76	26547
77	25459
78	24220
79	24094
80	22654
81	22179
82	21238
83	20519
84	20030
85	19532
86	19467
87	19120
88	19502
89	20359
90	20933
91	21111
92	20831
93	20154
94	19791
95	19035
96	18277
97	17091
98	16738
99	16551
