100	15708
101	15961
102	15886
103	16121
104	16051
105	15711
106	15001
107	14710
108	14515
109	14306
110	14169
111	14261
112	14109
113	13738
114	13264
115	13130
116	12248
117	11905
118	11378
119	11015
120	10952
121	10986
122	11083
123	11293
124	12202
125	12986
126	14298
127	16059
128	17394
129	18763
130	21073
131	23375
132	25625
133	27477
134	29568
135	30497
136	31590
137	32807
138	33515
139	33940
140	35065
141	36236
142	38955
143	43172.5
144	50569
145	60669
146	73185
147	87307
148	100264
149	115409
150	130099
151	144185
152	155514
153	165280
154	176821
155	187503
156	196303
157	206094
158	210914
159	216315
160	220993
161	224958
162	226614
163	230689
164	233674
165	237406
166	243730
167	247640
168	251642
169	253126
170	253782
171	253778
172	252796
173	251938
174	249914
175	248402
176	246681
177	245202
178	243145
179	240954
180	237630
181	233031
182	226866
183	222128
184	218406
185	214616
186	210026
187	206426
188	201912
189	197139
190	191638
191	185238
192	179158
193	172512
194	166884
195	160944
196	154952
197	149667
198	144342
199	139596
200	134928
201	129151
202	124014
203	118326
204	112219
205	106376
206	101173
207	96177
208	92185.5
209	88023.5
210	84426
211	80816.5
212	77201.5
213	73652
214	68457
215	65798.5
216	61537.5
217	58456
218	55183.5
219	52556.5
220	49904.5
221	48080
222	45435.5
223	43415
224	40881.5
225	39028.5
226	36632
227	34311
228	32298
229	30557.5
230	29444.5
231	28174.5
232	26463.5
233	25486
234	24106
235	22977
236	21773
237	20737
238	19658.5
239	18699.5
240	18020.5
241	16680.5
242	16104
243	15473
244	14907
245	14134
246	13800.5
247	13114
248	12364.5
249	11840.5
250	11348.5
251	11217
252	10579
253	10252
254	10000.5
255	9591
256	9285
257	8664
258	8453
259	8171
260	7910
261	7639.5
262	7398
263	7060
264	7000.5
265	6820.5
266	6446.5
267	6241
268	6157.5
269	5924.5
270	5664.5
271	5568.5
272	5393
273	5323
274	5282
275	5063
276	5102
277	4955
278	4812.5
279	4783
280	4733.5
281	4720.5
282	4524.5
283	4479.5
284	4425
285	4573.5
286	4463
287	4552
288	4430.5
289	4617
290	4523
291	4498
292	4589.5
293	4709
294	4721.5
295	4824
296	4743
297	4894
298	4904.5
299	5020
300	5131
301	5143.5
302	5429.5
303	5201.5
304	5430.5
305	5445.5
306	5523.5
307	5750.5
308	5802.5
309	5895.5
310	5825
311	6060
312	6044
313	6195
314	6279
315	6563.5
316	6595.5
317	6505.5
318	6677
319	6991.5
320	7137.5
321	7156
322	6976
323	7175.5
324	7466.5
325	7579
326	7606
327	7705.5
328	7944
329	8136.5
330	8089.5
331	8232
332	8537
333	8491
334	9018.5
335	9027.5
336	9262.5
337	9403.5
338	9259.5
339	9748
340	10162.5
341	9859.5
342	10193
343	10335.5
344	10335
345	10735.5
346	10817.5
347	11257.5
348	11461
349	11892.5
350	11743
351	11927.5
352	12189
353	12248.5
354	12458
355	12564
356	12890
357	13099
358	13285.5
359	13238
360	13377.5
361	13670.5
362	13495.5
363	13460.5
364	14017.5
365	14010.5
366	13888
367	13883
368	13887.5
369	14038.5
370	13911.5
371	13741
372	13856
373	13877
374	13848
375	13689.5
376	13659
377	13496
378	13758.5
379	13623.5
380	13290.5
381	13141
382	12948.5
383	12887
384	12843.5
385	12557
386	12360.5
387	12168
388	11862
389	11775
390	11675.5
391	11404.5
392	11163
393	11237
394	10652.5
395	10367.5
396	10355
397	10054.5
398	9611
399	9647.5
400	9450.5
401	9022.5
402	8944.5
403	8894
404	8430
405	7994.5
406	7983
407	7622
408	7605
409	7259
410	7146
411	6836
412	6729.5
413	6432.5
414	6228
415	6108
416	5894
417	5795.5
418	5443.5
419	5350
420	5486.5
421	5036
422	4818
423	4689.5
424	4532
425	4437
426	4336.5
427	4045.5
428	3899.5
429	4027
430	3694
431	3622
432	3471
433	3401
434	3428
435	3192.5
436	3074
437	3009
438	2831.5
439	2785
440	2731
441	2597.5
442	2618
443	2491
444	2560.5
445	2326.5
446	2278
447	2237
448	2139
449	2077
450	2004.5
451	2087.5
452	1925.5
453	1825
454	1924.5
455	1893.5
456	1779
457	1695
458	1670.5
459	1646
460	1650
461	1612
462	1622.5
463	1560.5
464	1546
465	1512
466	1540
467	1525
468	1417
469	1457.5
470	1466.5
471	1380
472	1445
473	1408
474	1339
475	1437
476	1419
477	1423
478	1358
479	1307
480	1325
481	1334
482	1344
483	1406
484	1382
485	1332.5
486	1405.5
487	1407.5
488	1362
489	1425
490	1375
491	1318
492	1393
493	1393
494	1291
495	1370
496	1377.5
497	1405.5
498	1347
499	1371.5
50	19516
500	1395
501	1395
502	1437
503	1388.5
504	1449
505	1429
506	1455
507	1511.5
508	1465
509	1496
51	20570
510	1540.5
511	1540.5
512	1580.5
513	1518.5
514	1552
515	1495
516	1592.5
517	1546.5
518	1608
519	1630
52	21225
520	1670
521	1595
522	1700
523	1505
524	1651
525	1615
526	1676
527	1774.5
528	1692
529	1697
53	22216
530	1690
531	1790
532	1840
533	1746
534	1763.5
535	1733.5
536	1818.5
537	1903
538	1819
539	1803.5
54	23804
540	1832.5
541	1825.5
542	1792.5
543	1866
544	1933.5
545	1851
546	1923
547	1935
548	1873
549	1872
55	25976
550	1879.5
551	1896.5
552	2037.5
553	1919.5
554	1931
555	2011.5
556	1804
557	1902
558	1985.5
559	1991.5
56	26989
560	1913
561	1975
562	2031.5
563	1943
564	1916
565	1892
566	1950.5
567	1962
568	1983
569	1865
57	28116
570	1889
571	1867.5
572	1862
573	1854
574	1928
575	1774.5
576	1892.5
577	1823
578	1686
579	1709
58	28295
580	1715
581	1699
582	1787
583	1736
584	1577
585	1690.5
586	1715.5
587	1621
588	1707
589	1696.5
59	28496
590	1533
591	1556
592	1561
593	1482
594	1529
595	1372.5
596	1379.5
597	1375
598	1436
599	1469.5
60	28735
600	1326.5
601	1340
602	1254
603	1256
604	1220
605	1214.5
606	1254
607	1244
608	1195.5
609	1130.5
61	28594
610	1144
611	1088.5
612	1066
613	1059
614	1024
615	982
616	952
617	1005.5
618	936
619	898.5
62	28395
620	895
621	949
622	801
623	812
624	765
625	832.5
626	770
627	750
628	755
629	668
63	27491
630	634
631	655.5
632	683
633	637
634	630
635	578
636	608
637	585
638	578.5
639	557.5
64	27094
640	566
641	523
642	503
643	518
644	494
645	526
646	493
647	424
648	494
649	419.5
65	27054
650	488.5
651	444
652	415
653	432
654	438.5
655	385
656	377
657	397
658	390
659	400.5
66	26551
660	357
661	364
662	336
663	350
664	329
665	316
666	364
667	328
668	349
669	317
67	26593
670	298
671	338
672	304
673	291.5
674	352
675	322
676	337.5
677	312.5
678	270
679	326
68	26579
680	242
681	293
682	293
683	292.5
684	296
685	275
686	307.5
687	327
688	302
689	254
69	26808
690	239
691	274.5
692	257
693	276
694	253
695	285
696	235
697	279
698	269
699	278
70	25974
700	259
71	25594
72	24710
73	23676
74	21830
75	20530.5
76	19815
77	18418
78	17603
79	16592
80	15789
81	14962
82	14371
83	13487
84	13030
85	12680
86	12868
87	12873
88	13824
89	15630
90	16836
91	17376
92	18382
93	18313
94	18261
95	17841
96	17156
97	16181
98	15772
99	15832
