100	12036
101	11321
102	10919
103	10188
104	9935
105	8748
106	8223
107	9077
108	10881
109	14354
110	19017
111	20574
112	17704
113	13643
114	11379
115	10906
116	10657
117	11571
118	13473
119	16720
120	20746
121	22531
122	21841
123	18139
124	14303
125	11363
126	10743
127	11723
128	13387
129	16788
130	20618
131	24660
132	29313
133	32361
134	27766
135	23325
136	20241
137	23186
138	30531
139	43608
140	52183
141	51372
142	44983
143	40646
144	40360
145	40322
146	38361
147	36833
148	36204
149	38815
150	42548
151	48740
152	51600
153	51004
154	49234
155	50481
156	53102
157	58187.5
158	64377.5
159	67996
160	69903.5
161	69456
162	70766.5
163	74072
164	78454
165	79733.5
166	80265.5
167	78945.5
168	75890.5
169	73679.5
170	70066
171	66376.5
172	64368
173	64077.5
174	64069.5
175	63543.5
176	62571.5
177	61794.5
178	58099
179	55228.5
180	51833.5
181	48782.5
182	46958
183	44746
184	44426.5
185	42866
186	41290.5
187	40023.5
188	37945
189	36157.5
190	34522
191	33081.5
192	31871.5
193	30737.5
194	29794
195	28887
196	28044
197	27447
198	26212
199	25218
200	24002.5
201	23413.5
202	22417.5
203	21796.5
204	20868
205	19947
206	19958.5
207	19415.5
208	18427.5
209	18052.5
210	17671.5
211	16860
212	16166
213	15763
214	15178
215	15039
216	14499
217	14252
218	13901
219	13735.5
220	13193
221	12668
222	12372
223	11961
224	11401
225	11134.5
226	11113
227	10684
228	10631.5
229	10280
230	10007
231	9701
232	9820
233	9351
234	9084.5
235	9097.5
236	8916
237	8501.5
238	8456
239	8443.5
240	8458.5
241	8235
242	8285
243	7965.5
244	7636
245	7766.5
246	7898
247	7731
248	7581.5
249	7445
250	7346.5
251	7194
252	7251
253	7420
254	7331
255	7186
256	7163.5
257	7136
258	6995
259	6765
260	7222.5
261	6952.5
262	6588
263	6780
264	6853.5
265	6720
266	6615
267	6585
268	6702
269	6704.5
270	6613.5
271	6512
272	6556.5
273	6567.5
274	6284.5
275	6565
276	6250
277	6352
278	6246.5
279	6352
280	6388
281	6624
282	6419.5
283	6463
284	6241.5
285	6458
286	6377.5
287	6629
288	6649.5
289	6550
290	6244
291	6447
292	6324.5
293	6291
294	6282.5
295	6470.5
296	6436.5
297	6758.5
298	6417.5
299	6647
300	6852
301	6612.5
302	6467
303	6491.5
304	6314
305	6509.5
306	6514.5
307	6267
308	6387
309	6415.5
310	6318
311	6355.5
312	6348.5
313	6293
314	6430.5
315	6460
316	6082
317	6562.5
318	6383.5
319	6322
320	6300.5
321	6459
322	6409.5
323	6489
324	6381
325	6188
326	6482
327	6333
328	6645
329	6588.5
330	6510.5
331	6357
332	6338.5
333	6241
334	6690
335	6616
336	6669
337	7028
338	6795.5
339	6798.5
340	6774
341	6896.5
342	6694
343	6913
344	6846.5
345	6923
346	7325
347	7556
348	7233.5
349	7472
350	7256.5
351	7628.5
352	7575.5
353	7616
354	7398
355	7447.5
356	7639
357	7832.5
358	7660.5
359	7880.5
360	8021.5
361	7688
362	7646
363	7446.5
364	7295
365	7485
366	7650
367	8054.5
368	7529
369	7605
370	7492.5
371	7632.5
372	7503.5
373	7418.5
374	7119
375	7202
376	6898
377	6628
378	6995
379	6731
380	6778.5
381	6549
382	6642.5
383	6242
384	6283.5
385	5985.5
386	6065.5
387	5829
388	5774
389	5804.5
390	5572.5
391	5462.5
392	5465.5
393	5385.5
394	4921.5
395	4943.5
396	4889.5
397	4758.5
398	4573
399	4601
400	4359.5
401	4464
402	4411
403	4083.5
404	4026.5
405	3904.5
406	3876
407	3667.5
408	3816
409	3603
410	3464
411	3436.5
412	3276
413	3363
414	3216
415	3091
416	3023
417	2954.5
418	2931
419	2855
420	2783.5
421	2687.5
422	2561.5
423	2598
424	2530
425	2602
426	2481
427	2411.5
428	2417.5
429	2348.5
430	2330
431	2184.5
432	2161
433	2252.5
434	2127
435	2097
436	2041
437	2104
438	2016
439	2026.5
440	1982.5
441	1927
442	1850
443	1863.5
444	1827
445	1838.5
446	1651
447	1823
448	1773
449	1789.5
450	1684
451	1582.5
452	1735.5
453	1649
454	1605.5
455	1711.5
456	1657
457	1623.5
458	1538
459	1517
460	1547
461	1587
462	1405
463	1521
464	1630.5
465	1473
466	1437
467	1501.5
468	1489
469	1444
470	1448
471	1500
472	1375
473	1494
474	1285
475	1408
476	1429.5
477	1311.5
478	1477.5
479	1407.5
480	1341.5
481	1210
482	1302
483	1314
484	1367.5
485	1373
486	1352.5
487	1273
488	1316.5
489	1345
490	1315
491	1277
492	1358
493	1215
494	1190
495	1194
496	1239
497	1295
498	1140
499	1212.5
50	3856
500	1281
501	1278
502	1264.5
503	1206
504	1216.5
505	1190.5
506	1277
507	1225
508	1265.5
509	1175
51	3522
510	1218.5
511	1259
512	1280
513	1227
514	1169
515	1194
516	1171
517	1205
518	1220
519	1256
52	3340
520	1189.5
521	1201.5
522	1251
523	1226
524	1208.5
525	1311
526	1332
527	1277
528	1283.5
529	1325
53	3176
530	1257
531	1230
532	1270
533	1264.5
534	1287
535	1248.5
536	1318.5
537	1208.5
538	1313.5
539	1260.5
54	3332
540	1284
541	1217
542	1227.5
543	1306
544	1262
545	1277
546	1182
547	1341.5
548	1197
549	1191
55	3395
550	1203.5
551	1269
552	1153
553	1162
554	1222.5
555	1224
556	1241
557	1143
558	1103
559	1258.5
56	3920
560	1154
561	1126
562	1129.5
563	1106
564	1140.5
565	1118.5
566	1128
567	1059
568	1118
569	1049
57	4382
570	1031
571	1018.5
572	1010
573	1004.5
574	1000
575	1012
576	921.5
577	873
578	963.5
579	900
58	4452
580	864.5
581	908.5
582	932
583	811
584	806
585	834.5
586	807.5
587	766.5
588	771
589	792.5
59	4708
590	759
591	719
592	651
593	716
594	740
595	670
596	669
597	703
598	585
599	607
60	4362
600	552
601	632
602	632.5
603	545
604	526
605	528.5
606	542
607	479.5
608	489
609	498
61	4499
610	489.5
611	434.5
612	457
613	426
614	509
615	393.5
616	460
617	426
618	423
619	444.5
62	4257
620	375
621	385
622	378.5
623	366.5
624	369
625	348
626	334.5
627	346
628	340
629	301
63	4068
630	314
631	315
632	317.5
633	319.5
634	280
635	260
636	276
637	278
638	270
639	276
64	3800
640	285
641	295
642	278
643	261
644	254
645	232
646	226
647	230
648	235.5
649	226
65	3873
650	212
651	234
652	171
653	233
654	209
655	247
656	198
657	199
658	199.5
659	206
66	4250
660	223.5
661	210
662	168
663	206
664	199
665	169
666	215
667	174
668	174
669	183
67	4400
670	182
671	174
672	193
673	165.5
674	188
675	172
676	169.5
677	179.5
678	155
679	133
68	4826
680	153.5
681	163
682	140
683	167
684	145
685	140.5
686	155
687	149
688	121
689	140
69	6316
690	128.5
691	129
692	136
693	124
694	139
695	139.5
696	119
697	152
698	128.5
699	115
70	6569
700	146
71	5629
72	4677
73	4814
74	4526
75	4789
76	4628
77	5049
78	6574
79	8788
80	9762
81	8359
82	6332
83	5115
84	5096
85	4894
86	5280
87	5710
88	5925
89	7947
90	10641
91	11342
92	9384
93	7094
94	6104
95	5816
96	6602
97	7189
98	9028
99	10962
